Tue Dec 12 21:15:53 2023


Final Iteration

itel 4603 sold 0.1310692764 snew 0.1310692764 sdif +0.0000000000 rmsd +0.0000000000 rate 0.9985320305


Data Delta

 +0.000000
 +1.000000 +0.000000
 +1.000000 +1.000000 +0.000000
 +1.000000 +1.000000 +1.000000 +0.000000
 +1.000000 +1.000000 +1.000000 +1.000000 +0.000000
 +1.000000 +1.000000 +1.000000 +1.000000 +1.000000 +0.000000
 +1.000000 +1.000000 +1.000000 +1.000000 +1.000000 +1.000000 +0.000000
 +1.000000 +1.000000 +1.000000 +1.000000 +1.000000 +1.000000 +1.000000 +0.000000
 +1.000000 +1.000000 +1.000000 +1.000000 +1.000000 +1.000000 +1.000000 +1.000000 +0.000000
 +1.000000 +1.000000 +1.000000 +1.000000 +1.000000 +1.000000 +1.000000 +1.000000 +1.000000 +0.000000
 +1.000000 +1.000000 +1.000000 +1.000000 +1.000000 +1.000000 +1.000000 +1.000000 +1.000000 +1.000000 +0.000000
 +1.000000 +1.000000 +1.000000 +1.000000 +1.000000 +1.000000 +1.000000 +1.000000 +1.000000 +1.000000 +1.000000 +0.000000
 +1.000000 +1.000000 +1.000000 +1.000000 +1.000000 +1.000000 +1.000000 +1.000000 +1.000000 +1.000000 +1.000000 +1.000000 +0.000000
 +1.000000 +1.000000 +1.000000 +1.000000 +1.000000 +1.000000 +1.000000 +1.000000 +1.000000 +1.000000 +1.000000 +1.000000 +1.000000 +0.000000
 +1.000000 +1.000000 +1.000000 +1.000000 +1.000000 +1.000000 +1.000000 +1.000000 +1.000000 +1.000000 +1.000000 +1.000000 +1.000000 +1.000000 +0.000000


Weights

 +0.000000
 +0.009524 +0.000000
 +0.009524 +0.009524 +0.000000
 +0.009524 +0.009524 +0.009524 +0.000000
 +0.009524 +0.009524 +0.009524 +0.009524 +0.000000
 +0.009524 +0.009524 +0.009524 +0.009524 +0.009524 +0.000000
 +0.009524 +0.009524 +0.009524 +0.009524 +0.009524 +0.009524 +0.000000
 +0.009524 +0.009524 +0.009524 +0.009524 +0.009524 +0.009524 +0.009524 +0.000000
 +0.009524 +0.009524 +0.009524 +0.009524 +0.009524 +0.009524 +0.009524 +0.009524 +0.000000
 +0.009524 +0.009524 +0.009524 +0.009524 +0.009524 +0.009524 +0.009524 +0.009524 +0.009524 +0.000000
 +0.009524 +0.009524 +0.009524 +0.009524 +0.009524 +0.009524 +0.009524 +0.009524 +0.009524 +0.009524 +0.000000
 +0.009524 +0.009524 +0.009524 +0.009524 +0.009524 +0.009524 +0.009524 +0.009524 +0.009524 +0.009524 +0.009524 +0.000000
 +0.009524 +0.009524 +0.009524 +0.009524 +0.009524 +0.009524 +0.009524 +0.009524 +0.009524 +0.009524 +0.009524 +0.009524 +0.000000
 +0.009524 +0.009524 +0.009524 +0.009524 +0.009524 +0.009524 +0.009524 +0.009524 +0.009524 +0.009524 +0.009524 +0.009524 +0.009524 +0.000000
 +0.009524 +0.009524 +0.009524 +0.009524 +0.009524 +0.009524 +0.009524 +0.009524 +0.009524 +0.009524 +0.009524 +0.009524 +0.009524 +0.009524 +0.000000


Transformed Data Dhat

 +0.000000
 +1.000000 +0.000000
 +1.000000 +1.000000 +0.000000
 +1.000000 +1.000000 +1.000000 +0.000000
 +1.000000 +1.000000 +1.000000 +1.000000 +0.000000
 +1.000000 +1.000000 +1.000000 +1.000000 +1.000000 +0.000000
 +1.000000 +1.000000 +1.000000 +1.000000 +1.000000 +1.000000 +0.000000
 +1.000000 +1.000000 +1.000000 +1.000000 +1.000000 +1.000000 +1.000000 +0.000000
 +1.000000 +1.000000 +1.000000 +1.000000 +1.000000 +1.000000 +1.000000 +1.000000 +0.000000
 +1.000000 +1.000000 +1.000000 +1.000000 +1.000000 +1.000000 +1.000000 +1.000000 +1.000000 +0.000000
 +1.000000 +1.000000 +1.000000 +1.000000 +1.000000 +1.000000 +1.000000 +1.000000 +1.000000 +1.000000 +0.000000
 +1.000000 +1.000000 +1.000000 +1.000000 +1.000000 +1.000000 +1.000000 +1.000000 +1.000000 +1.000000 +1.000000 +0.000000
 +1.000000 +1.000000 +1.000000 +1.000000 +1.000000 +1.000000 +1.000000 +1.000000 +1.000000 +1.000000 +1.000000 +1.000000 +0.000000
 +1.000000 +1.000000 +1.000000 +1.000000 +1.000000 +1.000000 +1.000000 +1.000000 +1.000000 +1.000000 +1.000000 +1.000000 +1.000000 +0.000000
 +1.000000 +1.000000 +1.000000 +1.000000 +1.000000 +1.000000 +1.000000 +1.000000 +1.000000 +1.000000 +1.000000 +1.000000 +1.000000 +1.000000 +0.000000


Configuration X

 +0.665870 +0.171964
 +0.503571 +0.468359
 +0.480376 -0.519174
 +0.682020 -0.187510
 -0.184010 -0.662642
 +0.153825 -0.670284
 -0.503399 -0.496892
 +0.243196 -0.147812
 -0.689806 -0.156431
 +0.209430 +0.675605
 -0.249607 -0.136708
 -0.178622 +0.684402
 +0.006411 +0.284520
 -0.481860 +0.490678
 -0.657396 +0.201926


Distance Matrix D(X)

 +0.000000
 +0.337922 +0.000000
 +0.715597 +0.987805 +0.000000
 +0.359836 +0.679712 +0.388151 +0.000000
 +1.191160 +1.323605 +0.679700 +0.987805 +0.000000
 +0.985683 +1.191146 +0.359819 +0.715584 +0.337922 +0.000000
 +1.347055 +1.394882 +0.984027 +1.225127 +0.359836 +0.679712 +0.000000
 +0.530009 +0.668926 +0.440640 +0.440616 +0.668995 +0.530061 +0.824172 +0.000000
 +1.394884 +1.347037 +1.225116 +1.372178 +0.715597 +0.987805 +0.388151 +0.933042 +0.000000
 +0.679700 +0.359819 +1.225116 +0.984027 +1.394884 +1.347037 +1.372178 +0.824109 +1.225116 +0.000000
 +0.966114 +0.966117 +0.824109 +0.933012 +0.530009 +0.668926 +0.440616 +0.492928 +0.440640 +0.933042 +0.000000
 +0.987805 +0.715584 +1.372178 +1.225127 +1.347055 +1.394882 +1.225127 +0.933012 +0.984027 +0.388151 +0.824172 +0.000000
 +0.668995 +0.530061 +0.933042 +0.824172 +0.966114 +0.966117 +0.933012 +0.492928 +0.824109 +0.440640 +0.492928 +0.440616 +0.000000
 +1.191160 +0.985683 +1.394884 +1.347055 +1.191160 +1.323605 +0.987805 +0.966114 +0.679700 +0.715597 +0.668995 +0.359836 +0.530009 +0.000000
 +1.323605 +1.191146 +1.347037 +1.394882 +0.985683 +1.191146 +0.715584 +0.966117 +0.359819 +0.987805 +0.530061 +0.679712 +0.668926 +0.337922 +0.000000


