   2    1 1.000000 1.000000 
   3    1 1.000000 1.000000 
   4    1 1.000000 1.000000 
   5    1 1.000000 1.000000 
   6    1 1.000000 1.000000 
   7    1 1.000000 1.000000 
   8    1 1.000000 1.000000 
   9    1 1.000000 1.000000 
  10    1 1.000000 1.000000 
  11    1 1.000000 1.000000 
  12    1 1.000000 1.000000 
  13    1 1.000000 1.000000 
  14    1 1.000000 1.000000 
  15    1 1.000000 1.000000 
   3    2 1.000000 1.000000 
   4    2 1.000000 1.000000 
   5    2 1.000000 1.000000 
   6    2 1.000000 1.000000 
   7    2 1.000000 1.000000 
   8    2 1.000000 1.000000 
   9    2 1.000000 1.000000 
  10    2 1.000000 1.000000 
  11    2 1.000000 1.000000 
  12    2 1.000000 1.000000 
  13    2 1.000000 1.000000 
  14    2 1.000000 1.000000 
  15    2 1.000000 1.000000 
   4    3 1.000000 1.000000 
   5    3 1.000000 1.000000 
   6    3 1.000000 1.000000 
   7    3 1.000000 1.000000 
   8    3 1.000000 1.000000 
   9    3 1.000000 1.000000 
  10    3 1.000000 1.000000 
  11    3 1.000000 1.000000 
  12    3 1.000000 1.000000 
  13    3 1.000000 1.000000 
  14    3 1.000000 1.000000 
  15    3 1.000000 1.000000 
   5    4 1.000000 1.000000 
   6    4 1.000000 1.000000 
   7    4 1.000000 1.000000 
   8    4 1.000000 1.000000 
   9    4 1.000000 1.000000 
  10    4 1.000000 1.000000 
  11    4 1.000000 1.000000 
  12    4 1.000000 1.000000 
  13    4 1.000000 1.000000 
  14    4 1.000000 1.000000 
  15    4 1.000000 1.000000 
   6    5 1.000000 1.000000 
   7    5 1.000000 1.000000 
   8    5 1.000000 1.000000 
   9    5 1.000000 1.000000 
  10    5 1.000000 1.000000 
  11    5 1.000000 1.000000 
  12    5 1.000000 1.000000 
  13    5 1.000000 1.000000 
  14    5 1.000000 1.000000 
  15    5 1.000000 1.000000 
   7    6 1.000000 1.000000 
   8    6 1.000000 1.000000 
   9    6 1.000000 1.000000 
  10    6 1.000000 1.000000 
  11    6 1.000000 1.000000 
  12    6 1.000000 1.000000 
  13    6 1.000000 1.000000 
  14    6 1.000000 1.000000 
  15    6 1.000000 1.000000 
   8    7 1.000000 1.000000 
   9    7 1.000000 1.000000 
  10    7 1.000000 1.000000 
  11    7 1.000000 1.000000 
  12    7 1.000000 1.000000 
  13    7 1.000000 1.000000 
  14    7 1.000000 1.000000 
  15    7 1.000000 1.000000 
   9    8 1.000000 1.000000 
  10    8 1.000000 1.000000 
  11    8 1.000000 1.000000 
  12    8 1.000000 1.000000 
  13    8 1.000000 1.000000 
  14    8 1.000000 1.000000 
  15    8 1.000000 1.000000 
  10    9 1.000000 1.000000 
  11    9 1.000000 1.000000 
  12    9 1.000000 1.000000 
  13    9 1.000000 1.000000 
  14    9 1.000000 1.000000 
  15    9 1.000000 1.000000 
  11   10 1.000000 1.000000 
  12   10 1.000000 1.000000 
  13   10 1.000000 1.000000 
  14   10 1.000000 1.000000 
  15   10 1.000000 1.000000 
  12   11 1.000000 1.000000 
  13   11 1.000000 1.000000 
  14   11 1.000000 1.000000 
  15   11 1.000000 1.000000 
  13   12 1.000000 1.000000 
  14   12 1.000000 1.000000 
  15   12 1.000000 1.000000 
  14   13 1.000000 1.000000 
  15   13 1.000000 1.000000 
  15   14 1.000000 1.000000 
