 +0.0000   +0.0000   +0.0234   +0.3477   +0.5611   +0.0679   +0.0000   +0.0000   +0.0000   +0.0000
   +0.0000   +0.0002   +0.0928   +0.4965   +0.3959   +0.0146   +0.0000   +0.0000   +0.0000   +0.0000
   +0.0000   +0.0420   +0.3850   +0.4621   +0.1109   +0.0000   +0.0000   +0.0000   +0.0000   +0.0000
   +0.0000   +0.0154   +0.2871   +0.5207   +0.1765   +0.0003   +0.0000   +0.0000   +0.0000   +0.0000
   +0.0000   +0.0000   +0.0000   +0.0000   +0.0354   +0.3739   +0.4972   +0.0936   +0.0000   +0.0000
   +0.0000   +0.0000   +0.0000   +0.0130   +0.3374   +0.5412   +0.1082   +0.0002   +0.0000   +0.0000
   +0.0000   +0.0000   +0.0000   +0.0004   +0.1244   +0.5387   +0.3195   +0.0171   +0.0000   +0.0000
   +0.0000   +0.0000   +0.0005   +0.1137   +0.5953   +0.2809   +0.0096   +0.0000   +0.0000   +0.0000
   +0.0000   +0.0000   +0.0000   +0.0137   +0.3429   +0.5384   +0.1048   +0.0002   +0.0000   +0.0000
   +0.0000   +0.0000   +0.0223   +0.3428   +0.5645   +0.0703   +0.0000   +0.0000   +0.0000   +0.0000
   +0.0000   +0.0000   +0.0003   +0.0983   +0.5816   +0.3071   +0.0128   +0.0000   +0.0000   +0.0000
   +0.0000   +0.0013   +0.1434   +0.5297   +0.3194   +0.0062   +0.0000   +0.0000   +0.0000   +0.0000
   +0.0000   +0.0439   +0.3896   +0.4583   +0.1082   +0.0000   +0.0000   +0.0000   +0.0000   +0.0000
   +0.0000   +0.0000   +0.0000   +0.0002   +0.1106   +0.5262   +0.3415   +0.0215   +0.0000   +0.0000
   +0.0000   +0.0000   +0.0459   +0.4222   +0.4949   +0.0369   +0.0000   +0.0000   +0.0000   +0.0000
   +0.0000   +0.0000   +0.0477   +0.4266   +0.4903   +0.0354   +0.0000   +0.0000   +0.0000   +0.0000
   +0.0000   +0.0050   +0.2060   +0.5394   +0.2476   +0.0020   +0.0000   +0.0000   +0.0000   +0.0000
   +0.0000   +0.0000   +0.0000   +0.0000   +0.0008   +0.0803   +0.4242   +0.4480   +0.0467   +0.0000
   +0.0000   +0.0000   +0.0000   +0.0000   +0.0339   +0.3682   +0.5007   +0.0972   +0.0000   +0.0000
   +0.0000   +0.0000   +0.0000   +0.0048   +0.2467   +0.5707   +0.1758   +0.0020   +0.0000   +0.0000
   +0.0000   +0.0304   +0.3515   +0.4866   +0.1316   +0.0000   +0.0000   +0.0000   +0.0000   +0.0000
   +0.5642   +0.3806   +0.0530   +0.0022   +0.0000   +0.0000   +0.0000   +0.0000   +0.0000   +0.0000
   +0.0000   +0.0000   +0.0000   +0.0000   +0.0079   +0.2048   +0.5353   +0.2480   +0.0040   +0.0000
   +0.0000   +0.0000   +0.0000   +0.0130   +0.3374   +0.5412   +0.1082   +0.0002   +0.0000   +0.0000
   +0.0000   +0.0000   +0.0000   +0.0001   +0.0918   +0.5041   +0.3744   +0.0296   +0.0000   +0.0000
   +0.0000   +0.0000   +0.0008   +0.1270   +0.6043   +0.2604   +0.0075   +0.0000   +0.0000   +0.0000
   +0.0000   +0.0000   +0.0000   +0.0000   +0.0100   +0.2259   +0.5392   +0.2225   +0.0024   +0.0000
   +0.0000   +0.0000   +0.0000   +0.0012   +0.1631   +0.5616   +0.2651   +0.0091   +0.0000   +0.0000
   +0.0000   +0.0000   +0.0000   +0.0031   +0.2170   +0.5724   +0.2038   +0.0036   +0.0000   +0.0000
   +0.0000   +0.0000   +0.0018   +0.1601   +0.6179   +0.2161   +0.0040   +0.0000   +0.0000   +0.0000
   +0.0061   +0.2448   +0.5053   +0.2207   +0.0230   +0.0000   +0.0000   +0.0000   +0.0000   +0.0000
   +0.0000   +0.0000   +0.0000   +0.0669   +0.5384   +0.3709   +0.0237   +0.0000   +0.0000   +0.0000
   +0.0000   +0.0000   +0.0000   +0.0000   +0.0567   +0.4395   +0.4465   +0.0573   +0.0000   +0.0000
   +0.0000   +0.0000   +0.0000   +0.0055   +0.2569   +0.5691   +0.1669   +0.0017   +0.0000   +0.0000
   +0.0000   +0.0000   +0.0000   +0.0625   +0.5300   +0.3815   +0.0260   +0.0000   +0.0000   +0.0000
   +0.0000   +0.0000   +0.0000   +0.0000   +0.0703   +0.4691   +0.4168   +0.0438   +0.0000   +0.0000
