Sat Dec 23 17:36:47 2023


Final Iteration

itel  10 sold 0.1007154444 snew 0.0998993619 sdif +0.0008160825 rmsd +0.0001148562 rate 0.9621229548


Data Delta

 +0.000000
 +5.630000 +0.000000
 +5.270000 +6.720000 +0.000000
 +4.600000 +5.640000 +5.460000 +0.000000
 +4.800000 +6.220000 +4.970000 +3.200000 +0.000000
 +7.540000 +5.120000 +8.130000 +7.840000 +7.800000 +0.000000
 +6.730000 +4.590000 +7.550000 +6.730000 +7.080000 +4.080000 +0.000000
 +7.180000 +7.220000 +6.900000 +7.280000 +6.960000 +6.340000 +6.880000 +0.000000
 +6.170000 +5.470000 +4.670000 +6.130000 +6.040000 +7.420000 +6.360000 +7.360000 +0.000000


Weights

 +0.000000
 +0.027778 +0.000000
 +0.027778 +0.027778 +0.000000
 +0.027778 +0.027778 +0.027778 +0.000000
 +0.027778 +0.027778 +0.027778 +0.027778 +0.000000
 +0.027778 +0.027778 +0.027778 +0.027778 +0.027778 +0.000000
 +0.027778 +0.027778 +0.027778 +0.027778 +0.027778 +0.027778 +0.000000
 +0.027778 +0.027778 +0.027778 +0.027778 +0.027778 +0.027778 +0.027778 +0.000000
 +0.027778 +0.027778 +0.027778 +0.027778 +0.027778 +0.027778 +0.027778 +0.027778 +0.000000


Transformed Data Dhat

 +0.000000
 +1.954816 +0.000000
 +1.954816 +1.954816 +0.000000
 +1.954816 +0.000000 +0.000707 +0.000000
 +1.954816 +0.000000 +0.124073 +0.901931 +0.000000
 +1.954816 +0.063781 +0.000000 +0.000000 +0.000000 +0.000000
 +1.954816 +0.365769 +0.000000 +0.000000 +0.000000 +0.740891 +0.000000
 +1.954816 +0.000000 +0.000000 +0.000000 +0.000000 +0.000000 +0.000000 +0.000000
 +1.954816 +0.000398 +0.304285 +0.000000 +0.000000 +0.000000 +0.000000 +0.000000 +0.000000


Configuration X

 +0.570594 +1.634863
 +0.158631 -0.379883
 -0.307880 -0.029876
 -0.171129 -0.149245
 +0.041386 -0.268556
 -0.066718 -0.283049
 -0.112252 -0.092823
 -0.071064 -0.205222
 -0.041568 -0.226208


Distance Matrix D(X)

 +0.000000
 +2.056433 +0.000000
 +1.882305 +0.583213 +0.000000
 +1.932148 +0.402412 +0.181521 +0.000000
 +1.975617 +0.161679 +0.423031 +0.243717 +0.000000
 +2.021027 +0.245273 +0.349651 +0.169721 +0.109071 +0.000000
 +1.857734 +0.394691 +0.205506 +0.081548 +0.233424 +0.195600 +0.000000
 +1.948753 +0.288559 +0.294666 +0.114658 +0.129059 +0.077948 +0.119708 +0.000000
 +1.959165 +0.252380 +0.330860 +0.150697 +0.093138 +0.062156 +0.150956 +0.036200 +0.000000


