   -0.0400   +4.2082
   -0.5695   -0.6278
   -0.9948   +4.7722
   -4.7161   +1.0604
   -2.9509   -1.3996
   +3.5761   -5.3879
   +6.1401   -4.1027
   -2.9545   +0.4339
   +2.5097   +1.0433


   +0.5578   +3.6321
   +0.6006   -1.3420
   -0.9024   +4.5514
   -4.4474   +0.9399
   -2.9673   -1.8730
   +2.7223   -4.5087
   +4.3508   -2.7493
   -2.7981   +0.2178
   +2.8838   +1.1318


   -0.0400   +4.2082
   -0.5695   -0.6278
   -0.9948   +4.7722
   -4.7161   +1.0604
   -2.9509   -1.3996
   +3.5761   -5.3879
   +6.1401   -4.1027
   -2.9545   +0.4339
   +2.5097   +1.0433


       nan       nan
       nan       nan
       nan       nan
       nan       nan
       nan       nan
       nan       nan
       nan       nan
       nan       nan
       nan       nan


itel   1 sold 0.1500924495 smid          nan snew          nan sdif          nan etad          nan rate          nan
