Final Iteration

itel 548 sold 0.0446033826 snew 0.0446033826 sdif +0.0000000000 rmsd +0.0000000001 rate 0.9730347129


Data Delta

 +0.000000
 +5.630000 +0.000000
 +5.270000 +6.720000 +0.000000
 +4.600000 +5.640000 +5.460000 +0.000000
 +4.800000 +6.220000 +4.970000 +3.200000 +0.000000
 +7.540000 +5.120000 +8.130000 +7.840000 +7.800000 +0.000000
 +6.730000 +4.590000 +7.550000 +6.730000 +7.080000 +4.080000 +0.000000
 +7.180000 +7.220000 +6.900000 +7.280000 +6.960000 +6.340000 +6.880000 +0.000000
 +6.170000 +5.470000 +4.670000 +6.130000 +6.040000 +7.420000 +6.360000 +7.360000 +0.000000


Transformed Data

 +0.000000
 +0.888710 +0.000000
 +0.831883 +1.060770 +0.000000
 +0.726122 +0.890289 +0.861876 +0.000000
 +0.757693 +0.981844 +0.784528 +0.505128 +0.000000
 +1.190209 +0.808206 +1.283342 +1.237565 +1.231251 +0.000000
 +1.062348 +0.724544 +1.191788 +1.062348 +1.117597 +0.644039 +0.000000
 +1.133382 +1.139696 +1.089183 +1.149167 +1.098654 +1.000786 +1.086026 +0.000000
 +0.973951 +0.863454 +0.737172 +0.967637 +0.953430 +1.171267 +1.003943 +1.161796 +0.000000


Configuration X

 +0.280450 +0.564875
 -0.230526 +0.362521
 +0.539859 -0.438197
 +0.521641 +0.289950
 +0.605793 +0.048557
 -0.803863 -0.006783
 -0.597800 +0.336540
 -0.451583 -0.681547
 +0.136029 -0.475918


Distance Matrix D(X)

 +0.000000
 +0.549585 +0.000000
 +1.036072 +1.111145 +0.000000
 +0.365728 +0.755660 +0.728375 +0.000000
 +0.610272 +0.893310 +0.491199 +0.255640 +0.000000
 +1.225776 +0.681982 +1.411279 +1.358311 +1.410742 +0.000000
 +0.907446 +0.368191 +1.376403 +1.120409 +1.237566 +0.400415 +0.000000
 +1.445489 +1.067213 +1.020870 +1.375125 +1.284949 +0.761189 +1.028533 +0.000000
 +1.050765 +0.915065 +0.405588 +0.857467 +0.704097 +1.050469 +1.094803 +0.622552 +0.000000


Fit Matrix B(X)

 +0.131939
 -0.022459 +0.139075
 -0.011152 -0.013259 +0.127746
 -0.027575 -0.016363 -0.016435 +0.140920
 -0.017244 -0.015265 -0.022183 -0.027444 +0.137482
 -0.013486 -0.016459 -0.012630 -0.012654 -0.012122 +0.123437
 -0.016260 -0.027331 -0.012026 -0.013169 -0.012543 -0.022339 +0.131069
 -0.010890 -0.014832 -0.014818 -0.011607 -0.011875 -0.018261 -0.014665 +0.122868
 -0.012874 -0.013106 -0.025244 -0.015673 -0.018807 -0.015486 -0.012736 -0.025919 +0.139845


