Wed Dec 27 17:41:25 2023


Final Iteration

itel 158 sold 0.0344861076 snew 0.0344861075 sdif +0.0000000001 rmsd +0.0000000000 rate 0.9388111818


Data Delta

 +0.000000
 +5.630000 +0.000000
 +5.270000 +6.720000 +0.000000
 +4.600000 +5.640000 +5.460000 +0.000000
 +4.800000 +6.220000 +4.970000 +3.200000 +0.000000
 +7.540000 +5.120000 +8.130000 +7.840000 +7.800000 +0.000000
 +6.730000 +4.590000 +7.550000 +6.730000 +7.080000 +4.080000 +0.000000
 +7.180000 +7.220000 +6.900000 +7.280000 +6.960000 +6.340000 +6.880000 +0.000000
 +6.170000 +5.470000 +4.670000 +6.130000 +6.040000 +7.420000 +6.360000 +7.360000 +0.000000


Transformed Data Dhat

 +0.000000
 +0.148118 +0.000000
 +0.138647 +0.230185 +0.000000
 +0.121020 +0.148381 +0.143646 +0.000000
 +0.126282 +0.163641 +0.130755 +0.084188 +0.000000
 +0.269389 +0.134701 +0.348545 +0.287335 +0.284942 +0.000000
 +0.231642 +0.120757 +0.269987 +0.231642 +0.251376 +0.107340 +0.000000
 +0.254007 +0.255059 +0.246640 +0.256638 +0.248219 +0.174828 +0.246114 +0.000000
 +0.162325 +0.143909 +0.122862 +0.161273 +0.158905 +0.262210 +0.177741 +0.258742 +0.000000


Configuration X

 -0.022183 +0.073745
 +0.057631 -0.025999
 -0.040245 +0.158124
 -0.090804 +0.032576
 -0.103714 +0.070093
 +0.085283 -0.167032
 +0.133278 -0.070902
 -0.092845 -0.163295
 +0.073599 +0.092690


Distance Matrix D(X)

 +0.000000
 +0.127746 +0.000000
 +0.086290 +0.208521 +0.000000
 +0.080024 +0.159574 +0.135346 +0.000000
 +0.081613 +0.187792 +0.108526 +0.039676 +0.000000
 +0.263671 +0.143718 +0.348545 +0.266176 +0.303229 +0.000000
 +0.212346 +0.087971 +0.287338 +0.246820 +0.275762 +0.107444 +0.000000
 +0.247349 +0.203699 +0.325695 +0.195882 +0.233641 +0.178168 +0.244271 +0.000000
 +0.097637 +0.119758 +0.131309 +0.175048 +0.178747 +0.259985 +0.174138 +0.305340 +0.000000


