Final Iteration

itel 215 sold 0.0416731001 snew 0.0416731001 sdif +0.0000000000 rmsd +0.0000000001 rate 0.9046237732


Data Delta

 +0.000000
 +0.860830 +0.000000
 +0.805786 +1.027492 +0.000000
 +0.703343 +0.862359 +0.834837 +0.000000
 +0.733923 +0.951041 +0.759916 +0.489282 +0.000000
 +1.152870 +0.782851 +1.243082 +1.198740 +1.192624 +0.000000
 +1.029021 +0.701814 +1.154399 +1.029021 +1.082536 +0.623834 +0.000000
 +1.097826 +1.103942 +1.055014 +1.113116 +1.064188 +0.969390 +1.051956 +0.000000
 +0.943396 +0.836366 +0.714046 +0.937280 +0.923519 +1.134522 +0.972448 +1.125348 +0.000000


Weights W

 +0.000000
 +0.012562 +0.000000
 +0.011759 +0.014995 +0.000000
 +0.010264 +0.012585 +0.012183 +0.000000
 +0.010710 +0.013879 +0.011090 +0.007140 +0.000000
 +0.016824 +0.011424 +0.018141 +0.017494 +0.017404 +0.000000
 +0.015017 +0.010242 +0.016847 +0.015017 +0.015798 +0.009104 +0.000000
 +0.016021 +0.016110 +0.015396 +0.016244 +0.015530 +0.014147 +0.015352 +0.000000
 +0.013767 +0.012205 +0.010420 +0.013678 +0.013477 +0.016557 +0.014191 +0.016423 +0.000000


Configuration X

 +0.281275 -0.144907
 -0.296258 +0.356717
 +0.492072 -0.466985
 +0.501174 +0.232994
 +0.588326 +0.048737
 -0.754656 -0.129933
 -0.610022 +0.180906
 -0.292479 -0.735422
 +0.090568 +0.657894


Distance Matrix D(X)

 +0.000000
 +0.764965 +0.000000
 +0.384928 +1.140153 +0.000000
 +0.437224 +0.806973 +0.700038 +0.000000
 +0.363013 +0.936665 +0.524628 +0.203828 +0.000000
 +1.036039 +0.668549 +1.291485 +1.307220 +1.354815 +0.000000
 +0.948981 +0.359663 +1.278426 +1.112416 +1.205615 +0.342841 +0.000000
 +0.823348 +1.092146 +0.829203 +1.252084 +1.179289 +0.761724 +0.969789 +0.000000
 +0.825142 +0.490246 +1.194386 +0.590879 +0.786661 +1.155454 +0.847552 +1.445010 +0.000000


Fit Matrix B(X)

 +0.149026
 -0.014137 +0.125660
 -0.024616 -0.013513 +0.127213
 -0.016512 -0.013449 -0.014529 +0.127701
 -0.021654 -0.014092 -0.016063 -0.017140 +0.128292
 -0.018722 -0.013378 -0.017461 -0.016042 -0.015321 +0.131749
 -0.016284 -0.019985 -0.015212 -0.013891 -0.014185 -0.016565 +0.129058
 -0.021362 -0.016284 -0.019589 -0.014441 -0.014014 -0.018003 -0.016652 +0.133137
 -0.015740 -0.020823 -0.006230 -0.021697 -0.015822 -0.016257 -0.016283 -0.012790 +0.125641


