Final Iteration

itel  81 sold 0.0833423403 smid 0.0833423403, snew 0.0833423403 sdif +0.0000000000 rmsd +0.0000000001 rate 0.8108293902


Data Delta

 +0.000000
 +5.630000 +0.000000
 +5.270000 +6.720000 +0.000000
 +4.600000 +5.640000 +5.460000 +0.000000
 +4.800000 +6.220000 +4.970000 +3.200000 +0.000000
 +7.540000 +5.120000 +8.130000 +7.840000 +7.800000 +0.000000
 +6.730000 +4.590000 +7.550000 +6.730000 +7.080000 +4.080000 +0.000000
 +7.180000 +7.220000 +6.900000 +7.280000 +6.960000 +6.340000 +6.880000 +0.000000
 +6.170000 +5.470000 +4.670000 +6.130000 +6.040000 +7.420000 +6.360000 +7.360000 +0.000000


Transformed Data

 +0.000000
 +2.000000 +0.000000
 +2.000000 +2.000000 +0.000000
 +2.000000 +0.000000 +0.000000 +0.000000
 +2.000000 +0.000000 +0.000000 +0.000000 +0.000000
 +2.000000 +0.000000 +0.000000 +0.000000 +0.000000 +0.000000
 +2.000000 +0.000000 +0.000000 +0.000000 +0.000000 +0.000000 +0.000000
 +2.000000 +0.000000 +0.000000 +0.000000 +0.000000 +0.000000 +0.000000 +0.000000
 +2.000000 +0.000000 +0.000000 +0.000000 +0.000000 +0.000000 +0.000000 +0.000000 +0.000000


Configuration X

 +1.436537 +1.041450
 -0.325164 +0.072851
 -0.031878 -0.331697
 -0.179916 -0.130434
 -0.179916 -0.130434
 -0.179916 -0.130434
 -0.179916 -0.130434
 -0.179916 -0.130434
 -0.179916 -0.130434


Distance Matrix D(X)

 +0.000000
 +2.010416 +0.000000
 +2.010416 +0.499676 +0.000000
 +1.996555 +0.249844 +0.249844 +0.000000
 +1.996555 +0.249844 +0.249844 +0.000000 +0.000000
 +1.996555 +0.249844 +0.249844 +0.000000 +0.000000 +0.000000
 +1.996555 +0.249844 +0.249844 +0.000000 +0.000000 +0.000000 +0.000000
 +1.996555 +0.249844 +0.249844 +0.000000 +0.000000 +0.000000 +0.000000 +0.000000
 +1.996555 +0.249844 +0.249844 +0.000000 +0.000000 +0.000000 +0.000000 +0.000000 +0.000000


Fit Matrix B(X)

 +0.111111
 -0.013817 +0.069408
 -0.013817 -0.055592 +0.069408
 -0.013913 -0.000000 -0.000000 +0.013913
 -0.013913 -0.000000 -0.000000 +0.000000 +0.013913
 -0.013913 -0.000000 -0.000000 +0.000000 +0.000000 +0.013913
 -0.013913 -0.000000 -0.000000 +0.000000 +0.000000 +0.000000 +0.013913
 -0.013913 -0.000000 -0.000000 +0.000000 +0.000000 +0.000000 +0.000000 +0.013913
 -0.013913 -0.000000 -0.000000 +0.000000 +0.000000 +0.000000 +0.000000 +0.000000 +0.013913


