Thu Dec 14 18:06:45 2023


Final Iteration

itel  10 sold 0.0476374541 snew 0.0472115747 sdif +0.0004258794 rmsd +0.0001782494 rate 0.5977858682


Data Delta

 +0.000000
 +5.630000 +0.000000
 +5.270000 +6.720000 +0.000000
 +4.600000 +5.640000 +5.460000 +0.000000
 +4.800000 +6.220000 +4.970000 +3.200000 +0.000000
 +7.540000 +5.120000 +8.130000 +7.840000 +7.800000 +0.000000
 +6.730000 +4.590000 +7.550000 +6.730000 +7.080000 +4.080000 +0.000000
 +7.180000 +7.220000 +6.900000 +7.280000 +6.960000 +6.340000 +6.880000 +0.000000
 +6.170000 +5.470000 +4.670000 +6.130000 +6.040000 +7.420000 +6.360000 +7.360000 +0.000000


Transformed Data Dhat

 +0.000000
 +0.888710 +0.000000
 +0.831883 +1.060770 +0.000000
 +0.726122 +0.890289 +0.861876 +0.000000
 +0.757693 +0.981844 +0.784528 +0.505128 +0.000000
 +1.190209 +0.808206 +1.283342 +1.237565 +1.231251 +0.000000
 +1.062348 +0.724544 +1.191788 +1.062348 +1.117597 +0.644039 +0.000000
 +1.133382 +1.139696 +1.089183 +1.149167 +1.098654 +1.000786 +1.086026 +0.000000
 +0.973951 +0.863454 +0.737172 +0.967637 +0.953430 +1.171267 +1.003943 +1.161796 +0.000000


Configuration X

 -0.026036 +0.392656
 +0.300483 -0.142762
 -0.180765 +0.725864
 -0.493868 +0.267254
 -0.597109 +0.084128
 +0.316762 -0.747992
 +0.612568 -0.363097
 -0.447498 -0.679308
 +0.515462 +0.463258


Distance Matrix D(X)

 +0.000000
 +0.627126 +0.000000
 +0.367381 +0.993032 +0.000000
 +0.484348 +0.893928 +0.555300 +0.000000
 +0.649088 +0.925825 +0.764963 +0.210223 +0.000000
 +1.191045 +0.605448 +1.555566 +1.299171 +1.235955 +0.000000
 +0.989433 +0.382027 +1.347298 +1.273398 +1.289701 +0.485433 +0.000000
 +1.151841 +0.920520 +1.430264 +0.947697 +0.777958 +0.767340 +1.106223 +0.000000
 +0.546081 +0.643021 +0.744106 +1.028185 +1.175395 +1.227440 +0.832041 +1.494238 +0.000000


