Final Iteration

itel 469 sold 0.0281052800 smid 0.0281052800, snew 0.0281052800 sdif -0.0000000000 rmsd +0.0000000001 rate 0.9705598412


Data Delta

 +0.000000
 +5.630000 +0.000000
 +5.270000 +6.720000 +0.000000
 +4.600000 +5.640000 +5.460000 +0.000000
 +4.800000 +6.220000 +4.970000 +3.200000 +0.000000
 +7.540000 +5.120000 +8.130000 +7.840000 +7.800000 +0.000000
 +6.730000 +4.590000 +7.550000 +6.730000 +7.080000 +4.080000 +0.000000
 +7.180000 +7.220000 +6.900000 +7.280000 +6.960000 +6.340000 +6.880000 +0.000000
 +6.170000 +5.470000 +4.670000 +6.130000 +6.040000 +7.420000 +6.360000 +7.360000 +0.000000


Transformed Data

 +0.000000
 +0.748630 +0.000000
 +0.637722 +1.084435 +0.000000
 +0.431309 +0.751711 +0.696257 +0.000000
 +0.492925 +0.930396 +0.545298 -0.000000 +0.000000
 +1.337059 +0.591510 +1.518826 +1.429483 +1.417160 +0.000000
 +1.087516 +0.428229 +1.340140 +1.087516 +1.195343 +0.271109 +0.000000
 +1.226151 +1.238474 +1.139889 +1.256959 +1.158374 +0.967366 +1.133728 +0.000000
 +0.914992 +0.699338 +0.452875 +0.902669 +0.874942 +1.300090 +0.973527 +1.281605 +0.000000


Configuration X

 +0.442955 +0.238211
 -0.318089 +0.267101
 +0.531312 -0.355009
 +0.539798 +0.027165
 +0.570497 -0.030686
 -0.891008 -0.049140
 -0.668008 +0.148984
 -0.316600 -0.840233
 +0.109143 +0.593607


Distance Matrix D(X)

 +0.000000
 +0.761592 +0.000000
 +0.599765 +1.052854 +0.000000
 +0.232205 +0.890808 +0.382268 +0.000000
 +0.297612 +0.937157 +0.326682 +0.065492 +0.000000
 +1.364561 +0.654404 +1.454836 +1.432839 +1.461622 +0.000000
 +1.114540 +0.369318 +1.300914 +1.213934 +1.251470 +0.298298 +0.000000
 +1.319077 +1.107335 +0.976932 +1.218932 +1.200961 +0.977636 +1.049780 +0.000000
 +0.487582 +0.537711 +1.038316 +0.711562 +0.776267 +1.188876 +0.895351 +1.495712 +0.000000


Fit Matrix B(X)

 +0.143357
 -0.013653 +0.115723
 -0.014768 -0.014305 +0.128625
 -0.025798 -0.011720 -0.025297 +0.121055
 -0.023004 -0.013789 -0.023183 +0.000000 +0.115759
 -0.013609 -0.012554 -0.014500 -0.013856 -0.013466 +0.109540
 -0.013552 -0.016104 -0.014308 -0.012443 -0.013266 -0.012623 +0.112397
 -0.012910 -0.015534 -0.016206 -0.014322 -0.013396 -0.013743 -0.015000 +0.113012
 -0.026064 -0.018064 -0.006058 -0.017619 -0.015654 -0.015188 -0.015102 -0.011901 +0.125649


