   2    1 5.630000 1.000000 
   3    1 5.270000 1.000000 
   4    1 4.600000 1.000000 
   5    1 4.800000 1.000000 
   6    1 7.540000 1.000000 
   7    1 6.730000 1.000000 
   8    1 7.180000 1.000000 
   9    1 6.170000 1.000000 
   3    2 6.720000 1.000000 
   4    2 5.640000 1.000000 
   5    2 6.220000 1.000000 
   6    2 5.120000 1.000000 
   7    2 4.590000 1.000000 
   8    2 7.220000 1.000000 
   9    2 5.470000 1.000000 
   4    3 5.460000 1.000000 
   5    3 4.970000 1.000000 
   6    3 8.130000 1.000000 
   7    3 7.550000 1.000000 
   8    3 6.900000 1.000000 
   9    3 4.670000 1.000000 
   5    4 3.200000 1.000000 
   6    4 7.840000 1.000000 
   7    4 6.730000 1.000000 
   8    4 7.280000 1.000000 
   9    4 6.130000 1.000000 
   6    5 7.800000 1.000000 
   7    5 7.080000 1.000000 
   8    5 6.960000 1.000000 
   9    5 6.040000 1.000000 
   7    6 4.080000 1.000000 
   8    6 6.340000 1.000000 
   9    6 7.420000 1.000000 
   8    7 6.880000 1.000000 
   9    7 6.360000 1.000000 
   9    8 7.360000 1.000000 
