Fri Dec 15 17:59:19 2023


Final Iteration

itel  40 sold 0.0000000000 snew 0.0000000000 sdif +0.0000000000 rmsd +0.0000000000 rate 0.6829330692


Data Delta

  +0.0000000000
  +3.0000000000  +0.0000000000
  +2.0000000000  +1.0000000000  +0.0000000000
  +3.0000000000  +2.0000000000  +3.0000000000  +0.0000000000


Weights

  +0.0000000000
  +0.1666666667  +0.0000000000
  +0.1666666667  +0.1666666667  +0.0000000000
  +0.1666666667  +0.1666666667  +0.1666666667  +0.0000000000


Transformed Data Dhat

  +0.0000000000
  +1.1798969906  +0.0000000000
  +0.8803089241  +0.5231077049  +0.0000000000
  +1.1798969906  +0.8803089241  +1.1798969906  +0.0000000000


Configuration X

  +0.5899484774  +0.4083811809
  -0.2615538494  -0.4083811809
  +0.2615538495  -0.4083811808
  -0.5899484775  +0.4083811808


Distance Matrix D(X)

  +0.0000000000
  +1.1798970160  +0.0000000000
  +0.8803089158  +0.5231076989  +0.0000000000
  +1.1798969550  +0.8803089158  +1.1798970160  +0.0000000000


