Tue Dec 26 11:14:51 2023


Final Iteration

itel 100 sold 0.0021466252 snew 0.0021466252 sdif -0.0000000000 rmsd +0.0002455580 rate 1.0000000000


Data Delta

  +0.0000000000
  +3.0000000000  +0.0000000000
  +2.0000000000  +1.0000000000  +0.0000000000
  +3.0000000000  +2.0000000000  +3.0000000000  +0.0000000000


Weights

  +0.0000000000
  +1.0000000000  +0.0000000000
  +1.0000000000  +1.0000000000  +0.0000000000
  +2.0000000000  +1.0000000000  +3.0000000000  +0.0000000000


Transformed Data Dhat

  +0.0000000000
  +3.0000000000  +0.0000000000
  +2.0000000000  +1.0000000000  +0.0000000000
  +3.0000000000  +2.0000000000  +3.0000000000  +0.0000000000


Configuration X

  -0.6394050081  -1.6620670202
  -0.0926861214  +1.1043450465
  -1.0956683531  +0.4316760784
  +1.8277594827  +0.1260458953


Distance Matrix D(X)

  +0.0000000000
  +2.8199179534  +0.0000000000
  +2.1428803986  +1.2076658883  +0.0000000000
  +3.0470064692  +2.1552680918  +2.9393604950  +0.0000000000


