delta
  +0.0000000000  +3.0000000000  +2.0000000000  +3.0000000000
  +3.0000000000  +0.0000000000  +1.0000000000  +2.0000000000
  +2.0000000000  +1.0000000000  +0.0000000000  +3.0000000000
  +3.0000000000  +2.0000000000  +3.0000000000  +0.0000000000


delta normalized
  +0.0000000000  +1.2247448714  +0.8164965809  +1.2247448714
  +1.2247448714  +0.0000000000  +0.4082482905  +0.8164965809
  +0.8164965809  +0.4082482905  +0.0000000000  +1.2247448714
  +1.2247448714  +0.8164965809  +1.2247448714  +0.0000000000


xini
  +0.6212655010  -0.4082482906
  -0.2985956373  +0.4082482892
  +0.2985956365  +0.4082482918
  -0.6212655002  -0.4082482904


dini
  +0.0000000000  +1.2299638931  +0.8779422022  +1.2425310011
  +1.2299638931  +0.0000000000  +0.5971912738  +0.8779421990
  +0.8779422022  +0.5971912738  +0.0000000000  +1.2299638935
  +1.2425310011  +0.8779421990  +1.2299638935  +0.0000000000


xold
  +0.5967072369  -0.3921104730
  -0.2867923253  +0.3921104716
  +0.2867923245  +0.3921104741
  -0.5967072361  -0.3921104728


dmat
  +0.0000000000  +1.1813441354  +0.8432376573  +1.1934144730
  +1.1813441354  +0.0000000000  +0.5735846499  +0.8432376542
  +0.8432376573  +0.5735846499  +0.0000000000  +1.1813441358
  +1.1934144730  +0.8432376542  +1.1813441358  +0.0000000000


bmat
  +0.2526065659  -0.0863948697  -0.0806906347  -0.0855210616
  -0.0863948697  +0.2263979198  -0.0593124151  -0.0806906350
  -0.0806906347  -0.0593124151  +0.2263979195  -0.0863948696
  -0.0855210616  -0.0806906350  -0.0863948696  +0.2526065662


** sold    0.0055858539

iteration   1 xnew
  +0.6101973993  -0.3930958568
  -0.2560298684  +0.3930958563
  +0.2560298678  +0.3930958577
  -0.6101973988  -0.3930958572


iteration   1 dmat
  +0.0000000000  +1.1698064323  +0.8622830465  +1.2203947981
  +1.1698064323  +0.0000000000  +0.5120597362  +0.8622830452
  +0.8622830465  +0.5120597362  +0.0000000000  +1.1698064327
  +1.2203947981  +0.8622830452  +1.1698064327  +0.0000000000


iteration   1 bmat
  +0.2497857556  -0.0872469751  -0.0789084072  -0.0836303734
  -0.0872469751  +0.2325942926  -0.0664389103  -0.0789084073
  -0.0789084072  -0.0664389103  +0.2325942925  -0.0872469750
  -0.0836303734  -0.0789084073  -0.0872469750  +0.2497857557


iteration   1 ** snew    0.0035041674

itel   1 sold 0.0055858539 snew 0.0035041674 sdif +0.0020816865 rmsd +0.0168096341 rate 0.0000000000
iteration   2 xnew
  +0.6167537317  -0.3918899540
  -0.2449488118  +0.3918899539
  +0.2449488113  +0.3918899548
  -0.6167537311  -0.3918899547


iteration   2 dmat
  +0.0000000000  +1.1648357041  +0.8674963079  +1.2335074628
  +1.1648357041  +0.0000000000  +0.4898976232  +0.8674963073
  +0.8674963079  +0.4898976232  +0.0000000000  +1.1648357044
  +1.2335074628  +0.8674963073  +1.1648357044  +0.0000000000


iteration   2 bmat
  +0.2487948391  -0.0876192859  -0.0784342033  -0.0827413499
  -0.0876192859  +0.2354979798  -0.0694444906  -0.0784342033
  -0.0784342033  -0.0694444906  +0.2354979797  -0.0876192859
  -0.0827413499  -0.0784342033  -0.0876192859  +0.2487948391


iteration   2 ** snew    0.0031872596

itel   2 sold 0.0035041674 snew 0.0031872596 sdif +0.0003169078 rmsd +0.0064939147 rate 0.3863209989
iteration   3 xnew
  +0.6201781706  -0.3904481654
  -0.2410806893  +0.3904481655
  +0.2410806888  +0.3904481662
  -0.6201781700  -0.3904481662


iteration   3 dmat
  +0.0000000000  +1.1625686661  +0.8680518310  +1.2403563406
  +1.1625686661  +0.0000000000  +0.4821613782  +0.8680518307
  +0.8680518310  +0.4821613782  +0.0000000000  +1.1625686663
  +1.2403563406  +0.8680518307  +1.1625686663  +0.0000000000


iteration   3 bmat
  +0.2484586307  -0.0877901457  -0.0783840081  -0.0822844769
  -0.0877901457  +0.2367328763  -0.0705587225  -0.0783840081
  -0.0783840081  -0.0705587225  +0.2367328763  -0.0877901457
  -0.0822844769  -0.0783840081  -0.0877901457  +0.2484586307


iteration   3 ** snew    0.0031257518

itel   3 sold 0.0031872596 snew 0.0031257518 sdif +0.0000615077 rmsd +0.0027769886 rate 0.4276293584
iteration   4 xnew
  +0.6221618805  -0.3892943610
  -0.2397466551  +0.3892943611
  +0.2397466545  +0.3892943617
  -0.6221618800  -0.3892943618


iteration   4 dmat
  +0.0000000000  +1.1615019251  +0.8674340345  +1.2443237605
  +1.1615019251  +0.0000000000  +0.4794933096  +0.8674340343
  +0.8674340345  +0.4794933096  +0.0000000000  +1.1615019252
  +1.2443237605  +0.8674340343  +1.1615019252  +0.0000000000


iteration   4 bmat
  +0.2483327275  -0.0878707735  -0.0784398341  -0.0820221198
  -0.0878707735  +0.2372619435  -0.0709513359  -0.0784398341
  -0.0784398341  -0.0709513359  +0.2372619435  -0.0878707735
  -0.0820221198  -0.0784398341  -0.0878707735  +0.2483327275


iteration   4 ** snew    0.0031079624

itel   4 sold 0.0031257518 snew 0.0031079624 sdif +0.0000177894 rmsd +0.0014471767 rate 0.5211316879
iteration   5 xnew
  +0.6233856877  -0.3884626903
  -0.2392820214  +0.3884626905
  +0.2392820209  +0.3884626910
  -0.6233856872  -0.3884626912


iteration   5 dmat
  +0.0000000000  +1.1609516027  +0.8666883378  +1.2467713749
  +1.1609516027  +0.0000000000  +0.4785640423  +0.8666883377
  +0.8666883378  +0.4785640423  +0.0000000000  +1.1609516027
  +1.2467713749  +0.8666883377  +1.1609516027  +0.0000000000


iteration   5 bmat
  +0.2482808473  -0.0879124267  -0.0785073235  -0.0818610971
  -0.0879124267  +0.2375088582  -0.0710891080  -0.0785073235
  -0.0785073235  -0.0710891080  +0.2375088582  -0.0879124266
  -0.0818610971  -0.0785073235  -0.0879124266  +0.2482808473


iteration   5 ** snew    0.0031011765

itel   5 sold 0.0031079624 snew 0.0031011765 sdif +0.0000067859 rmsd +0.0008799063 rate 0.6080158080
iteration   6 xnew
  +0.6241687055  -0.3878871833
  -0.2391148554  +0.3878871835
  +0.2391148549  +0.3878871839
  -0.6241687049  -0.3878871842


iteration   6 dmat
  +0.0000000000  +1.1606396403  +0.8660787127  +1.2483374104
  +1.1606396403  +0.0000000000  +0.4782297103  +0.8660787127
  +0.8660787127  +0.4782297103  +0.0000000000  +1.1606396404
  +1.2483374104  +0.8660787127  +1.1606396404  +0.0000000000


iteration   6 bmat
  +0.2482570430  -0.0879360562  -0.0785625841  -0.0817584026
  -0.0879360562  +0.2376374469  -0.0711388066  -0.0785625841
  -0.0785625841  -0.0711388066  +0.2376374469  -0.0879360562
  -0.0817584026  -0.0785625841  -0.0879360562  +0.2482570430


iteration   6 ** snew    0.0030982906

itel   6 sold 0.0031011765 snew 0.0030982906 sdif +0.0000028858 rmsd +0.0005708498 rate 0.6487620162
iteration   7 xnew
  +0.6246799496  -0.3874961317
  -0.2390508514  +0.3874961319
  +0.2390508508  +0.3874961323
  -0.6246799490  -0.3874961326


iteration   7 dmat
  +0.0000000000  +1.1604498719  +0.8656343403  +1.2493598986
  +1.1604498719  +0.0000000000  +0.4781017022  +0.8656343402
  +0.8656343403  +0.4781017022  +0.0000000000  +1.1604498719
  +1.2493598986  +0.8656343402  +1.1604498719  +0.0000000000


iteration   7 bmat
  +0.2482448413  -0.0879504364  -0.0786029142  -0.0816914908
  -0.0879504364  +0.2377112040  -0.0711578535  -0.0786029142
  -0.0786029142  -0.0711578535  +0.2377112040  -0.0879504364
  -0.0816914908  -0.0786029142  -0.0879504364  +0.2482448413


iteration   7 ** snew    0.0030970219

itel   7 sold 0.0030982906 snew 0.0030970219 sdif +0.0000012688 rmsd +0.0003779252 rate 0.6620395938
iteration   8 xnew
  +0.6250174332  -0.3872326743
  -0.2390238626  +0.3872326745
  +0.2390238620  +0.3872326749
  -0.6250174327  -0.3872326752


iteration   8 dmat
  +0.0000000000  +1.1603292366  +0.8653251494  +1.2500348659
  +1.1603292366  +0.0000000000  +0.4780477246  +0.8653251493
  +0.8653251494  +0.4780477246  +0.0000000000  +1.1603292367
  +1.2500348659  +0.8653251493  +1.1603292367  +0.0000000000


iteration   8 bmat
  +0.2482379609  -0.0879595803  -0.0786309999  -0.0816473807
  -0.0879595803  +0.2377564683  -0.0711658881  -0.0786309999
  -0.0786309999  -0.0711658881  +0.2377564683  -0.0879595803
  -0.0816473807  -0.0786309999  -0.0879595803  +0.2482379609


iteration   8 ** snew    0.0030964585

itel   8 sold 0.0030970219 snew 0.0030964585 sdif +0.0000005634 rmsd +0.0002517157 rate 0.6660464293
iteration   9 xnew
  +0.6252415284  -0.3870558952
  -0.2390110206  +0.3870558955
  +0.2390110200  +0.3870558958
  -0.6252415278  -0.3870558961


iteration   9 dmat
  +0.0000000000  +1.1602506336  +0.8651144841  +1.2504830562
  +1.1602506336  +0.0000000000  +0.4780220406  +0.8651144841
  +0.8651144841  +0.4780220406  +0.0000000000  +1.1602506337
  +1.2504830562  +0.8651144841  +1.1602506337  +0.0000000000


iteration   9 bmat
  +0.2482338039  -0.0879655392  -0.0786501475  -0.0816181172
  -0.0879655392  +0.2377853985  -0.0711697118  -0.0786501475
  -0.0786501475  -0.0711697118  +0.2377853985  -0.0879655392
  -0.0816181172  -0.0786501475  -0.0879655392  +0.2482338039


iteration   9 ** snew    0.0030962075

itel   9 sold 0.0030964585 snew 0.0030962075 sdif +0.0000002510 rmsd +0.0001679920 rate 0.6673877157
iteration  10 xnew
  +0.6253908016  -0.3869375026
  -0.2390041380  +0.3869375029
  +0.2390041375  +0.3869375032
  -0.6253908011  -0.3869375035


iteration  10 dmat
  +0.0000000000  +1.1601987484  +0.8649723572  +1.2507816027
  +1.1601987484  +0.0000000000  +0.4780082755  +0.8649723572
  +0.8649723572  +0.4780082755  +0.0000000000  +1.1601987484
  +1.2507816027  +0.8649723572  +1.1601987484  +0.0000000000


iteration  10 bmat
  +0.2482311798  -0.0879694731  -0.0786630708  -0.0815986359
  -0.0879694731  +0.2378043052  -0.0711717613  -0.0786630708
  -0.0786630708  -0.0711717613  +0.2378043052  -0.0879694731
  -0.0815986359  -0.0786630708  -0.0879694731  +0.2482311798


iteration  10 ** snew    0.0030960954

itel  10 sold 0.0030962075 snew 0.0030960954 sdif +0.0000001120 rmsd +0.0001122091 rate 0.6679430654
