Mon Dec 11 20:39:21 2023


Final Iteration

itel  24 sold 0.0030960050 snew 0.0030960050 sdif +0.0000000000 rmsd +0.0000000000 rate 0.5447244820


Data Delta

  +0.0000000000
  +3.0000000000  +0.0000000000
  +2.0000000000  +1.0000000000  +0.0000000000
  +3.0000000000  +2.0000000000  +3.0000000000  +0.0000000000


Weights

  +0.0000000000
  +0.1666666667  +0.0000000000
  +0.1666666667  +0.1666666667  +0.0000000000
  +0.1666666667  +0.1666666667  +0.1666666667  +0.0000000000


Transformed Data Dhat

  +0.0000000000
  +1.2247448714  +0.0000000000
  +0.8164965809  +0.4082482905  +0.0000000000
  +1.2247448714  +0.8164965809  +1.2247448714  +0.0000000000


Configuration X

  +0.6256910299  -0.3866983416
  -0.2389927124  +0.3866983416
  +0.2389927125  +0.3866983415
  -0.6256910300  -0.3866983415


Distance Matrix D(X)

  +0.0000000000
  +1.1600949977  +0.0000000000
  +0.8646837677  +0.4779854249  +0.0000000000
  +1.2513820599  +0.8646837677  +1.1600949977  +0.0000000000


Fit Matrix B(X)

  +0.0000000000
  +0.0000000000  +0.0000000000
  +0.0000000000  +0.0000000000  +0.0000000000
  +0.0000000000  +0.0000000000  +0.0000000000  +0.0000000000


