   2    1 0.050000 1.000000 
   3    1 0.050000 1.000000 
   4    1 0.110000 1.000000 
   5    1 0.050000 1.000000 
   6    1 0.090000 1.000000 
   7    1 0.100000 1.000000 
   8    1 0.080000 1.000000 
   9    1 0.550000 1.000000 
  10    1 0.060000 1.000000 
  11    1 0.140000 1.000000 
  12    1 0.030000 1.000000 
  13    1 0.250000 1.000000 
  14    1 0.330000 1.000000 
  15    1 0.070000 1.000000 
  16    1 0.060000 1.000000 
  17    1 0.090000 1.000000 
  18    1 0.240000 1.000000 
  19    1 0.200000 1.000000 
  20    1 0.100000 1.000000 
  21    1 0.260000 1.000000 
  22    1 0.090000 1.000000 
  23    1 0.130000 1.000000 
  24    1 0.100000 1.000000 
  25    1 0.080000 1.000000 
  26    1 0.030000 1.000000 
  27    1 0.020000 1.000000 
  28    1 0.070000 1.000000 
  29    1 0.040000 1.000000 
  30    1 0.060000 1.000000 
  31    1 0.080000 1.000000 
  32    1 0.070000 1.000000 
  33    1 0.060000 1.000000 
  34    1 0.050000 1.000000 
  35    1 0.030000 1.000000 
  36    1 0.060000 1.000000 
   3    2 0.380000 1.000000 
   4    2 0.470000 1.000000 
   5    2 0.090000 1.000000 
   6    2 0.400000 1.000000 
   7    2 0.180000 1.000000 
   8    2 0.330000 1.000000 
   9    2 0.060000 1.000000 
  10    2 0.140000 1.000000 
  11    2 0.290000 1.000000 
  12    2 0.550000 1.000000 
  13    2 0.090000 1.000000 
  14    2 0.070000 1.000000 
  15    2 0.100000 1.000000 
  16    2 0.220000 1.000000 
  17    2 0.230000 1.000000 
  18    2 0.150000 1.000000 
  19    2 0.210000 1.000000 
  20    2 0.060000 1.000000 
  21    2 0.240000 1.000000 
  22    2 0.260000 1.000000 
  23    2 0.150000 1.000000 
  24    2 0.740000 1.000000 
  25    2 0.270000 1.000000 
  26    2 0.440000 1.000000 
  27    2 0.090000 1.000000 
  28    2 0.160000 1.000000 
  29    2 0.110000 1.000000 
  30    2 0.300000 1.000000 
  31    2 0.390000 1.000000 
  32    2 0.770000 1.000000 
  33    2 0.380000 1.000000 
  34    2 0.200000 1.000000 
  35    2 0.090000 1.000000 
  36    2 0.040000 1.000000 
   4    3 0.170000 1.000000 
   5    3 0.090000 1.000000 
   6    3 0.310000 1.000000 
   7    3 0.200000 1.000000 
   8    3 0.150000 1.000000 
   9    3 0.090000 1.000000 
  10    3 0.290000 1.000000 
  11    3 0.310000 1.000000 
  12    3 0.390000 1.000000 
  13    3 0.100000 1.000000 
  14    3 0.080000 1.000000 
  15    3 0.150000 1.000000 
  16    3 0.420000 1.000000 
  17    3 0.360000 1.000000 
  18    3 0.200000 1.000000 
  19    3 0.100000 1.000000 
  20    3 0.040000 1.000000 
  21    3 0.090000 1.000000 
  22    3 0.180000 1.000000 
  23    3 0.220000 1.000000 
  24    3 0.390000 1.000000 
  25    3 0.720000 1.000000 
  26    3 0.420000 1.000000 
  27    3 0.120000 1.000000 
  28    3 0.190000 1.000000 
  29    3 0.260000 1.000000 
  30    3 0.170000 1.000000 
  31    3 0.130000 1.000000 
  32    3 0.300000 1.000000 
  33    3 0.250000 1.000000 
  34    3 0.320000 1.000000 
  35    3 0.210000 1.000000 
  36    3 0.120000 1.000000 
   5    4 0.070000 1.000000 
   6    4 0.210000 1.000000 
   7    4 0.390000 1.000000 
   8    4 0.310000 1.000000 
   9    4 0.110000 1.000000 
  10    4 0.110000 1.000000 
  11    4 0.770000 1.000000 
  12    4 0.510000 1.000000 
  13    4 0.110000 1.000000 
  14    4 0.190000 1.000000 
  15    4 0.080000 1.000000 
  16    4 0.200000 1.000000 
  17    4 0.100000 1.000000 
  18    4 0.340000 1.000000 
  19    4 0.300000 1.000000 
  20    4 0.060000 1.000000 
  21    4 0.250000 1.000000 
  22    4 0.180000 1.000000 
  23    4 0.250000 1.000000 
  24    4 0.300000 1.000000 
  25    4 0.150000 1.000000 
  26    4 0.260000 1.000000 
  27    4 0.030000 1.000000 
  28    4 0.070000 1.000000 
  29    4 0.060000 1.000000 
  30    4 0.120000 1.000000 
  31    4 0.120000 1.000000 
  32    4 0.180000 1.000000 
  33    4 0.110000 1.000000 
  34    4 0.080000 1.000000 
  35    4 0.040000 1.000000 
  36    4 0.040000 1.000000 
   6    5 0.020000 1.000000 
   7    5 0.030000 1.000000 
   8    5 0.070000 1.000000 
   9    5 0.140000 1.000000 
  10    5 0.020000 1.000000 
  11    5 0.030000 1.000000 
  12    5 0.080000 1.000000 
  13    5 0.060000 1.000000 
  14    5 0.060000 1.000000 
  15    5 0.050000 1.000000 
  16    5 0.030000 1.000000 
  17    5 0.050000 1.000000 
  18    5 0.080000 1.000000 
  19    5 0.090000 1.000000 
  20    5 0.570000 1.000000 
  21    5 0.040000 1.000000 
  22    5 0.060000 1.000000 
  23    5 0.060000 1.000000 
  24    5 0.040000 1.000000 
  25    5 0.050000 1.000000 
  26    5 0.040000 1.000000 
  27    5 0.040000 1.000000 
  28    5 0.040000 1.000000 
  29    5 0.050000 1.000000 
  30    5 0.060000 1.000000 
  31    5 0.040000 1.000000 
  32    5 0.030000 1.000000 
  33    5 0.050000 1.000000 
  34    5 0.030000 1.000000 
  35    5 0.020000 1.000000 
  36    5 0.040000 1.000000 
   7    6 0.120000 1.000000 
   8    6 0.310000 1.000000 
   9    6 0.070000 1.000000 
  10    6 0.290000 1.000000 
  11    6 0.170000 1.000000 
  12    6 0.370000 1.000000 
  13    6 0.120000 1.000000 
  14    6 0.090000 1.000000 
  15    6 0.100000 1.000000 
  16    6 0.390000 1.000000 
  17    6 0.140000 1.000000 
  18    6 0.350000 1.000000 
  19    6 0.200000 1.000000 
  20    6 0.030000 1.000000 
  21    6 0.270000 1.000000 
  22    6 0.280000 1.000000 
  23    6 0.310000 1.000000 
  24    6 0.240000 1.000000 
  25    6 0.270000 1.000000 
  26    6 0.180000 1.000000 
  27    6 0.070000 1.000000 
  28    6 0.180000 1.000000 
  29    6 0.400000 1.000000 
  30    6 0.250000 1.000000 
  31    6 0.360000 1.000000 
  32    6 0.240000 1.000000 
  33    6 0.230000 1.000000 
  34    6 0.100000 1.000000 
  35    6 0.060000 1.000000 
  36    6 0.060000 1.000000 
   8    7 0.070000 1.000000 
   9    7 0.060000 1.000000 
  10    7 0.200000 1.000000 
  11    7 0.290000 1.000000 
  12    7 0.140000 1.000000 
  13    7 0.220000 1.000000 
  14    7 0.120000 1.000000 
  15    7 0.690000 1.000000 
  16    7 0.370000 1.000000 
  17    7 0.170000 1.000000 
  18    7 0.240000 1.000000 
  19    7 0.050000 1.000000 
  20    7 0.050000 1.000000 
  21    7 0.130000 1.000000 
  22    7 0.100000 1.000000 
  23    7 0.290000 1.000000 
  24    7 0.160000 1.000000 
  25    7 0.230000 1.000000 
  26    7 0.280000 1.000000 
  27    7 0.140000 1.000000 
  28    7 0.140000 1.000000 
  29    7 0.060000 1.000000 
  30    7 0.120000 1.000000 
  31    7 0.040000 1.000000 
  32    7 0.070000 1.000000 
  33    7 0.120000 1.000000 
  34    7 0.190000 1.000000 
  35    7 0.170000 1.000000 
  36    7 0.130000 1.000000 
   9    8 0.110000 1.000000 
  10    8 0.080000 1.000000 
  11    8 0.100000 1.000000 
  12    8 0.280000 1.000000 
  13    8 0.070000 1.000000 
  14    8 0.120000 1.000000 
  15    8 0.080000 1.000000 
  16    8 0.130000 1.000000 
  17    8 0.070000 1.000000 
  18    8 0.160000 1.000000 
  19    8 0.480000 1.000000 
  20    8 0.050000 1.000000 
  21    8 0.350000 1.000000 
  22    8 0.490000 1.000000 
  23    8 0.120000 1.000000 
  24    8 0.200000 1.000000 
  25    8 0.120000 1.000000 
  26    8 0.110000 1.000000 
  27    8 0.040000 1.000000 
  28    8 0.060000 1.000000 
  29    8 0.140000 1.000000 
  30    8 0.300000 1.000000 
  31    8 0.690000 1.000000 
  32    8 0.250000 1.000000 
  33    8 0.110000 1.000000 
  34    8 0.050000 1.000000 
  35    8 0.040000 1.000000 
  36    8 0.040000 1.000000 
  10    9 0.040000 1.000000 
  11    9 0.050000 1.000000 
  12    9 0.130000 1.000000 
  13    9 0.110000 1.000000 
  14    9 0.220000 1.000000 
  15    9 0.050000 1.000000 
  16    9 0.030000 1.000000 
  17    9 0.040000 1.000000 
  18    9 0.130000 1.000000 
  19    9 0.260000 1.000000 
  20    9 0.150000 1.000000 
  21    9 0.160000 1.000000 
  22    9 0.050000 1.000000 
  23    9 0.060000 1.000000 
  24    9 0.020000 1.000000 
  25    9 0.030000 1.000000 
  26    9 0.070000 1.000000 
  27    9 0.020000 1.000000 
  28    9 0.150000 1.000000 
  29    9 0.050000 1.000000 
  30    9 0.080000 1.000000 
  31    9 0.070000 1.000000 
  32    9 0.050000 1.000000 
  33    9 0.060000 1.000000 
  34    9 0.020000 1.000000 
  35    9 0.030000 1.000000 
  36    9 0.050000 1.000000 
  11   10 0.250000 1.000000 
  12   10 0.310000 1.000000 
  13   10 0.100000 1.000000 
  14   10 0.030000 1.000000 
  15   10 0.300000 1.000000 
  16   10 0.710000 1.000000 
  17   10 0.370000 1.000000 
  18   10 0.120000 1.000000 
  19   10 0.030000 1.000000 
  20   10 0.070000 1.000000 
  21   10 0.080000 1.000000 
  22   10 0.100000 1.000000 
  23   10 0.170000 1.000000 
  24   10 0.290000 1.000000 
  25   10 0.310000 1.000000 
  26   10 0.260000 1.000000 
  27   10 0.480000 1.000000 
  28   10 0.460000 1.000000 
  29   10 0.280000 1.000000 
  30   10 0.180000 1.000000 
  31   10 0.110000 1.000000 
  32   10 0.110000 1.000000 
  33   10 0.260000 1.000000 
  34   10 0.310000 1.000000 
  35   10 0.280000 1.000000 
  36   10 0.270000 1.000000 
  12   11 0.300000 1.000000 
  13   11 0.170000 1.000000 
  14   11 0.140000 1.000000 
  15   11 0.290000 1.000000 
  16   11 0.140000 1.000000 
  17   11 0.270000 1.000000 
  18   11 0.220000 1.000000 
  19   11 0.080000 1.000000 
  20   11 0.080000 1.000000 
  21   11 0.340000 1.000000 
  22   11 0.220000 1.000000 
  23   11 0.310000 1.000000 
  24   11 0.570000 1.000000 
  25   11 0.140000 1.000000 
  26   11 0.200000 1.000000 
  27   11 0.050000 1.000000 
  28   11 0.090000 1.000000 
  29   11 0.120000 1.000000 
  30   11 0.110000 1.000000 
  31   11 0.060000 1.000000 
  32   11 0.150000 1.000000 
  33   11 0.140000 1.000000 
  34   11 0.120000 1.000000 
  35   11 0.060000 1.000000 
  36   11 0.070000 1.000000 
  13   12 0.070000 1.000000 
  14   12 0.050000 1.000000 
  15   12 0.100000 1.000000 
  16   12 0.420000 1.000000 
  17   12 0.310000 1.000000 
  18   12 0.310000 1.000000 
  19   12 0.110000 1.000000 
  20   12 0.060000 1.000000 
  21   12 0.240000 1.000000 
  22   12 0.310000 1.000000 
  23   12 0.190000 1.000000 
  24   12 0.370000 1.000000 
  25   12 0.200000 1.000000 
  26   12 0.550000 1.000000 
  27   12 0.130000 1.000000 
  28   12 0.140000 1.000000 
  29   12 0.150000 1.000000 
  30   12 0.170000 1.000000 
  31   12 0.340000 1.000000 
  32   12 0.280000 1.000000 
  33   12 0.340000 1.000000 
  34   12 0.150000 1.000000 
  35   12 0.070000 1.000000 
  36   12 0.030000 1.000000 
  14   13 0.610000 1.000000 
  15   13 0.080000 1.000000 
  16   13 0.080000 1.000000 
  17   13 0.110000 1.000000 
  18   13 0.170000 1.000000 
  19   13 0.060000 1.000000 
  20   13 0.080000 1.000000 
  21   13 0.120000 1.000000 
  22   13 0.040000 1.000000 
  23   13 0.180000 1.000000 
  24   13 0.100000 1.000000 
  25   13 0.120000 1.000000 
  26   13 0.100000 1.000000 
  27   13 0.070000 1.000000 
  28   13 0.050000 1.000000 
  29   13 0.060000 1.000000 
  30   13 0.050000 1.000000 
  31   13 0.040000 1.000000 
  32   13 0.070000 1.000000 
  33   13 0.090000 1.000000 
  34   13 0.050000 1.000000 
  35   13 0.130000 1.000000 
  36   13 0.030000 1.000000 
  15   14 0.070000 1.000000 
  16   14 0.080000 1.000000 
  17   14 0.060000 1.000000 
  18   14 0.200000 1.000000 
  19   14 0.150000 1.000000 
  20   14 0.080000 1.000000 
  21   14 0.150000 1.000000 
  22   14 0.030000 1.000000 
  23   14 0.090000 1.000000 
  24   14 0.060000 1.000000 
  25   14 0.110000 1.000000 
  26   14 0.070000 1.000000 
  27   14 0.060000 1.000000 
  28   14 0.030000 1.000000 
  29   14 0.030000 1.000000 
  30   14 0.040000 1.000000 
  31   14 0.020000 1.000000 
  32   14 0.040000 1.000000 
  33   14 0.040000 1.000000 
  34   14 0.040000 1.000000 
  35   14 0.110000 1.000000 
  36   14 0.030000 1.000000 
  16   15 0.290000 1.000000 
  17   15 0.290000 1.000000 
  18   15 0.110000 1.000000 
  19   15 0.050000 1.000000 
  20   15 0.050000 1.000000 
  21   15 0.090000 1.000000 
  22   15 0.120000 1.000000 
  23   15 0.260000 1.000000 
  24   15 0.300000 1.000000 
  25   15 0.210000 1.000000 
  26   15 0.210000 1.000000 
  27   15 0.170000 1.000000 
  28   15 0.170000 1.000000 
  29   15 0.060000 1.000000 
  30   15 0.050000 1.000000 
  31   15 0.050000 1.000000 
  32   15 0.130000 1.000000 
  33   15 0.110000 1.000000 
  34   15 0.130000 1.000000 
  35   15 0.150000 1.000000 
  36   15 0.190000 1.000000 
  17   16 0.470000 1.000000 
  18   16 0.260000 1.000000 
  19   16 0.080000 1.000000 
  20   16 0.080000 1.000000 
  21   16 0.160000 1.000000 
  22   16 0.180000 1.000000 
  23   16 0.200000 1.000000 
  24   16 0.260000 1.000000 
  25   16 0.360000 1.000000 
  26   16 0.450000 1.000000 
  27   16 0.320000 1.000000 
  28   16 0.410000 1.000000 
  29   16 0.310000 1.000000 
  30   16 0.140000 1.000000 
  31   16 0.140000 1.000000 
  32   16 0.170000 1.000000 
  33   16 0.300000 1.000000 
  34   16 0.180000 1.000000 
  35   16 0.280000 1.000000 
  36   16 0.170000 1.000000 
  18   17 0.100000 1.000000 
  19   17 0.030000 1.000000 
  20   17 0.040000 1.000000 
  21   17 0.090000 1.000000 
  22   17 0.120000 1.000000 
  23   17 0.190000 1.000000 
  24   17 0.490000 1.000000 
  25   17 0.510000 1.000000 
  26   17 0.680000 1.000000 
  27   17 0.310000 1.000000 
  28   17 0.300000 1.000000 
  29   17 0.180000 1.000000 
  30   17 0.210000 1.000000 
  31   17 0.080000 1.000000 
  32   17 0.290000 1.000000 
  33   17 0.400000 1.000000 
  34   17 0.520000 1.000000 
  35   17 0.350000 1.000000 
  36   17 0.270000 1.000000 
  19   18 0.170000 1.000000 
  20   18 0.030000 1.000000 
  21   18 0.320000 1.000000 
  22   18 0.200000 1.000000 
  23   18 0.620000 1.000000 
  24   18 0.120000 1.000000 
  25   18 0.090000 1.000000 
  26   18 0.140000 1.000000 
  27   18 0.080000 1.000000 
  28   18 0.080000 1.000000 
  29   18 0.110000 1.000000 
  30   18 0.080000 1.000000 
  31   18 0.080000 1.000000 
  32   18 0.120000 1.000000 
  33   18 0.100000 1.000000 
  34   18 0.060000 1.000000 
  35   18 0.030000 1.000000 
  36   18 0.020000 1.000000 
  20   19 0.080000 1.000000 
  21   19 0.540000 1.000000 
  22   19 0.180000 1.000000 
  23   19 0.120000 1.000000 
  24   19 0.110000 1.000000 
  25   19 0.070000 1.000000 
  26   19 0.060000 1.000000 
  27   19 0.060000 1.000000 
  28   19 0.040000 1.000000 
  29   19 0.050000 1.000000 
  30   19 0.120000 1.000000 
  31   19 0.280000 1.000000 
  32   19 0.120000 1.000000 
  33   19 0.060000 1.000000 
  34   19 0.060000 1.000000 
  35   19 0.060000 1.000000 
  36   19 0.030000 1.000000 
  21   20 0.070000 1.000000 
  22   20 0.060000 1.000000 
  23   20 0.040000 1.000000 
  24   20 0.030000 1.000000 
  25   20 0.030000 1.000000 
  26   20 0.050000 1.000000 
  27   20 0.040000 1.000000 
  28   20 0.040000 1.000000 
  29   20 0.050000 1.000000 
  30   20 0.030000 1.000000 
  31   20 0.030000 1.000000 
  32   20 0.060000 1.000000 
  33   20 0.050000 1.000000 
  34   20 0.050000 1.000000 
  35   20 0.110000 1.000000 
  36   20 0.050000 1.000000 
  22   21 0.450000 1.000000 
  23   21 0.270000 1.000000 
  24   21 0.150000 1.000000 
  25   21 0.080000 1.000000 
  26   21 0.100000 1.000000 
  27   21 0.050000 1.000000 
  28   21 0.060000 1.000000 
  29   21 0.100000 1.000000 
  30   21 0.260000 1.000000 
  31   21 0.120000 1.000000 
  32   21 0.110000 1.000000 
  33   21 0.060000 1.000000 
  34   21 0.070000 1.000000 
  35   21 0.050000 1.000000 
  36   21 0.040000 1.000000 
  23   22 0.190000 1.000000 
  24   22 0.370000 1.000000 
  25   22 0.240000 1.000000 
  26   22 0.110000 1.000000 
  27   22 0.110000 1.000000 
  28   22 0.120000 1.000000 
  29   22 0.220000 1.000000 
  30   22 0.670000 1.000000 
  31   22 0.450000 1.000000 
  32   22 0.330000 1.000000 
  33   22 0.190000 1.000000 
  34   22 0.090000 1.000000 
  35   22 0.020000 1.000000 
  36   22 0.040000 1.000000 
  24   23 0.220000 1.000000 
  25   23 0.230000 1.000000 
  26   23 0.170000 1.000000 
  27   23 0.120000 1.000000 
  28   23 0.170000 1.000000 
  29   23 0.130000 1.000000 
  30   23 0.120000 1.000000 
  31   23 0.060000 1.000000 
  32   23 0.090000 1.000000 
  33   23 0.100000 1.000000 
  34   23 0.060000 1.000000 
  35   23 0.060000 1.000000 
  36   23 0.050000 1.000000 
  25   24 0.460000 1.000000 
  26   24 0.310000 1.000000 
  27   24 0.150000 1.000000 
  28   24 0.190000 1.000000 
  29   24 0.230000 1.000000 
  30   24 0.320000 1.000000 
  31   24 0.310000 1.000000 
  32   24 0.580000 1.000000 
  33   24 0.300000 1.000000 
  34   24 0.200000 1.000000 
  35   24 0.140000 1.000000 
  36   24 0.090000 1.000000 
  26   25 0.330000 1.000000 
  27   25 0.230000 1.000000 
  28   25 0.370000 1.000000 
  29   25 0.330000 1.000000 
  30   25 0.200000 1.000000 
  31   25 0.110000 1.000000 
  32   25 0.320000 1.000000 
  33   25 0.260000 1.000000 
  34   25 0.340000 1.000000 
  35   25 0.220000 1.000000 
  36   25 0.160000 1.000000 
  27   26 0.190000 1.000000 
  28   26 0.170000 1.000000 
  29   26 0.200000 1.000000 
  30   26 0.060000 1.000000 
  31   26 0.100000 1.000000 
  32   26 0.320000 1.000000 
  33   26 0.580000 1.000000 
  34   26 0.490000 1.000000 
  35   26 0.200000 1.000000 
  36   26 0.180000 1.000000 
  28   27 0.630000 1.000000 
  29   27 0.160000 1.000000 
  30   27 0.070000 1.000000 
  31   27 0.120000 1.000000 
  32   27 0.120000 1.000000 
  33   27 0.210000 1.000000 
  34   27 0.370000 1.000000 
  35   27 0.570000 1.000000 
  36   27 0.530000 1.000000 
  29   28 0.590000 1.000000 
  30   28 0.230000 1.000000 
  31   28 0.080000 1.000000 
  32   28 0.140000 1.000000 
  33   28 0.250000 1.000000 
  34   28 0.250000 1.000000 
  35   28 0.280000 1.000000 
  36   28 0.190000 1.000000 
  30   29 0.380000 1.000000 
  31   29 0.270000 1.000000 
  32   29 0.340000 1.000000 
  33   29 0.170000 1.000000 
  34   29 0.170000 1.000000 
  35   29 0.090000 1.000000 
  36   29 0.100000 1.000000 
  31   30 0.560000 1.000000 
  32   30 0.340000 1.000000 
  33   30 0.240000 1.000000 
  34   30 0.130000 1.000000 
  35   30 0.080000 1.000000 
  36   30 0.070000 1.000000 
  32   31 0.300000 1.000000 
  33   31 0.180000 1.000000 
  34   31 0.100000 1.000000 
  35   31 0.050000 1.000000 
  36   31 0.050000 1.000000 
  33   32 0.650000 1.000000 
  34   32 0.220000 1.000000 
  35   32 0.080000 1.000000 
  36   32 0.180000 1.000000 
  34   33 0.650000 1.000000 
  35   33 0.310000 1.000000 
  36   33 0.150000 1.000000 
  35   34 0.590000 1.000000 
  36   34 0.390000 1.000000 
  36   35 0.800000 1.000000 
