 0.05 0.05 0.11 0.05 0.09 0.10 0.08 0.55 0.06 0.14 0.03 0.25 0.33 0.07 0.06 0.09 0.24 0.20 0.10
 0.26 0.09 0.13 0.10 0.08 0.03 0.02 0.07 0.04 0.06 0.08 0.07 0.06 0.05 0.03 0.06 0.38 0.47 0.09
 0.40 0.18 0.33 0.06 0.14 0.29 0.55 0.09 0.07 0.10 0.22 0.23 0.15 0.21 0.06 0.24 0.26 0.15 0.74
 0.27 0.44 0.09 0.16 0.11 0.30 0.39 0.77 0.38 0.20 0.09 0.04 0.17 0.09 0.31 0.20 0.15 0.09 0.29
 0.31 0.39 0.10 0.08 0.15 0.42 0.36 0.20 0.10 0.04 0.09 0.18 0.22 0.39 0.72 0.42 0.12 0.19 0.26
 0.17 0.13 0.30 0.25 0.32 0.21 0.12 0.07 0.21 0.39 0.31 0.11 0.11 0.77 0.51 0.11 0.19 0.08 0.20
 0.10 0.34 0.30 0.06 0.25 0.18 0.25 0.30 0.15 0.26 0.03 0.07 0.06 0.12 0.12 0.18 0.11 0.08 0.04
 0.04 0.02 0.03 0.07 0.14 0.02 0.03 0.08 0.06 0.06 0.05 0.03 0.05 0.08 0.09 0.57 0.04 0.06 0.06
 0.04 0.05 0.04 0.04 0.04 0.05 0.06 0.04 0.03 0.05 0.03 0.02 0.04 0.12 0.31 0.07 0.29 0.17 0.37
 0.12 0.09 0.10 0.39 0.14 0.35 0.20 0.03 0.27 0.28 0.31 0.24 0.27 0.18 0.07 0.18 0.40 0.25 0.36
 0.24 0.23 0.10 0.06 0.06 0.07 0.06 0.20 0.29 0.14 0.22 0.12 0.69 0.37 0.17 0.24 0.05 0.05 0.13
 0.10 0.29 0.16 0.23 0.28 0.14 0.14 0.06 0.12 0.04 0.07 0.12 0.19 0.17 0.13 0.11 0.08 0.10 0.28
 0.07 0.12 0.08 0.13 0.07 0.16 0.48 0.05 0.35 0.49 0.12 0.20 0.12 0.11 0.04 0.06 0.14 0.30 0.69
 0.25 0.11 0.05 0.04 0.04 0.04 0.05 0.13 0.11 0.22 0.05 0.03 0.04 0.13 0.26 0.15 0.16 0.05 0.06
 0.02 0.03 0.07 0.02 0.15 0.05 0.08 0.07 0.05 0.06 0.02 0.03 0.05 0.25 0.31 0.10 0.03 0.30 0.71
 0.37 0.12 0.03 0.07 0.08 0.10 0.17 0.29 0.31 0.26 0.48 0.46 0.28 0.18 0.11 0.11 0.26 0.31 0.28
 0.27 0.30 0.17 0.14 0.29 0.14 0.27 0.22 0.08 0.08 0.34 0.22 0.31 0.57 0.14 0.20 0.05 0.09 0.12
 0.11 0.06 0.15 0.14 0.12 0.06 0.07 0.07 0.05 0.10 0.42 0.31 0.31 0.11 0.06 0.24 0.31 0.19 0.37
 0.20 0.55 0.13 0.14 0.15 0.17 0.34 0.28 0.34 0.15 0.07 0.03 0.61 0.08 0.08 0.11 0.17 0.06 0.08
 0.12 0.04 0.18 0.10 0.12 0.10 0.07 0.05 0.06 0.05 0.04 0.07 0.09 0.05 0.13 0.03 0.07 0.08 0.06
 0.20 0.15 0.08 0.15 0.03 0.09 0.06 0.11 0.07 0.06 0.03 0.03 0.04 0.02 0.04 0.04 0.04 0.11 0.03
 0.29 0.29 0.11 0.05 0.05 0.09 0.12 0.26 0.30 0.21 0.21 0.17 0.17 0.06 0.05 0.05 0.13 0.11 0.13
 0.15 0.19 0.47 0.26 0.08 0.08 0.16 0.18 0.20 0.26 0.36 0.45 0.32 0.41 0.31 0.14 0.14 0.17 0.30
 0.18 0.28 0.17 0.10 0.03 0.04 0.09 0.12 0.19 0.49 0.51 0.68 0.31 0.30 0.18 0.21 0.08 0.29 0.40
 0.52 0.35 0.27 0.17 0.03 0.32 0.20 0.62 0.12 0.09 0.14 0.08 0.08 0.11 0.08 0.08 0.12 0.10 0.06
 0.03 0.02 0.08 0.54 0.18 0.12 0.11 0.07 0.06 0.06 0.04 0.05 0.12 0.28 0.12 0.06 0.06 0.06 0.03
 0.07 0.06 0.04 0.03 0.03 0.05 0.04 0.04 0.05 0.03 0.03 0.06 0.05 0.05 0.11 0.05 0.45 0.27 0.15
 0.08 0.10 0.05 0.06 0.10 0.26 0.12 0.11 0.06 0.07 0.05 0.04 0.19 0.37 0.24 0.11 0.11 0.12 0.22
 0.67 0.45 0.33 0.19 0.09 0.02 0.04 0.22 0.23 0.17 0.12 0.17 0.13 0.12 0.06 0.09 0.10 0.06 0.06
 0.05 0.46 0.31 0.15 0.19 0.23 0.32 0.31 0.58 0.30 0.20 0.14 0.09 0.33 0.23 0.37 0.33 0.20 0.11
 0.32 0.26 0.34 0.22 0.16 0.19 0.17 0.20 0.06 0.10 0.32 0.58 0.49 0.20 0.18 0.63 0.16 0.07 0.12
 0.12 0.21 0.37 0.57 0.53 0.59 0.23 0.08 0.14 0.25 0.25 0.28 0.19 0.38 0.27 0.34 0.17 0.17 0.09
 0.10 0.56 0.34 0.24 0.13 0.08 0.07 0.30 0.18 0.10 0.05 0.05 0.65 0.22 0.08 0.18 0.65 0.31 0.15
 0.59 0.39 0.80
 