Tue Dec 12 21:30:50 2023


Final Iteration

itel 913 sold 0.3585481667 snew 0.3585481667 sdif +0.0000000000 rmsd +0.0000000000 rate 0.9856860585


Data Delta

 +0.000000
 +0.050000 +0.000000
 +0.050000 +0.380000 +0.000000
 +0.110000 +0.470000 +0.170000 +0.000000
 +0.050000 +0.090000 +0.090000 +0.070000 +0.000000
 +0.090000 +0.400000 +0.310000 +0.210000 +0.020000 +0.000000
 +0.100000 +0.180000 +0.200000 +0.390000 +0.030000 +0.120000 +0.000000
 +0.080000 +0.330000 +0.150000 +0.310000 +0.070000 +0.310000 +0.070000 +0.000000
 +0.550000 +0.060000 +0.090000 +0.110000 +0.140000 +0.070000 +0.060000 +0.110000 +0.000000
 +0.060000 +0.140000 +0.290000 +0.110000 +0.020000 +0.290000 +0.200000 +0.080000 +0.040000 +0.000000
 +0.140000 +0.290000 +0.310000 +0.770000 +0.030000 +0.170000 +0.290000 +0.100000 +0.050000 +0.250000 +0.000000
 +0.030000 +0.550000 +0.390000 +0.510000 +0.080000 +0.370000 +0.140000 +0.280000 +0.130000 +0.310000 +0.300000 +0.000000
 +0.250000 +0.090000 +0.100000 +0.110000 +0.060000 +0.120000 +0.220000 +0.070000 +0.110000 +0.100000 +0.170000 +0.070000 +0.000000
 +0.330000 +0.070000 +0.080000 +0.190000 +0.060000 +0.090000 +0.120000 +0.120000 +0.220000 +0.030000 +0.140000 +0.050000 +0.610000 +0.000000
 +0.070000 +0.100000 +0.150000 +0.080000 +0.050000 +0.100000 +0.690000 +0.080000 +0.050000 +0.300000 +0.290000 +0.100000 +0.080000 +0.070000 +0.000000
 +0.060000 +0.220000 +0.420000 +0.200000 +0.030000 +0.390000 +0.370000 +0.130000 +0.030000 +0.710000 +0.140000 +0.420000 +0.080000 +0.080000 +0.290000 +0.000000
 +0.090000 +0.230000 +0.360000 +0.100000 +0.050000 +0.140000 +0.170000 +0.070000 +0.040000 +0.370000 +0.270000 +0.310000 +0.110000 +0.060000 +0.290000 +0.470000 +0.000000
 +0.240000 +0.150000 +0.200000 +0.340000 +0.080000 +0.350000 +0.240000 +0.160000 +0.130000 +0.120000 +0.220000 +0.310000 +0.170000 +0.200000 +0.110000 +0.260000 +0.100000 +0.000000
 +0.200000 +0.210000 +0.100000 +0.300000 +0.090000 +0.200000 +0.050000 +0.480000 +0.260000 +0.030000 +0.080000 +0.110000 +0.060000 +0.150000 +0.050000 +0.080000 +0.030000 +0.170000 +0.000000
 +0.100000 +0.060000 +0.040000 +0.060000 +0.570000 +0.030000 +0.050000 +0.050000 +0.150000 +0.070000 +0.080000 +0.060000 +0.080000 +0.080000 +0.050000 +0.080000 +0.040000 +0.030000 +0.080000 +0.000000
 +0.260000 +0.240000 +0.090000 +0.250000 +0.040000 +0.270000 +0.130000 +0.350000 +0.160000 +0.080000 +0.340000 +0.240000 +0.120000 +0.150000 +0.090000 +0.160000 +0.090000 +0.320000 +0.540000 +0.070000 +0.000000
 +0.090000 +0.260000 +0.180000 +0.180000 +0.060000 +0.280000 +0.100000 +0.490000 +0.050000 +0.100000 +0.220000 +0.310000 +0.040000 +0.030000 +0.120000 +0.180000 +0.120000 +0.200000 +0.180000 +0.060000 +0.450000 +0.000000
 +0.130000 +0.150000 +0.220000 +0.250000 +0.060000 +0.310000 +0.290000 +0.120000 +0.060000 +0.170000 +0.310000 +0.190000 +0.180000 +0.090000 +0.260000 +0.200000 +0.190000 +0.620000 +0.120000 +0.040000 +0.270000 +0.190000 +0.000000
 +0.100000 +0.740000 +0.390000 +0.300000 +0.040000 +0.240000 +0.160000 +0.200000 +0.020000 +0.290000 +0.570000 +0.370000 +0.100000 +0.060000 +0.300000 +0.260000 +0.490000 +0.120000 +0.110000 +0.030000 +0.150000 +0.370000 +0.220000 +0.000000
 +0.080000 +0.270000 +0.720000 +0.150000 +0.050000 +0.270000 +0.230000 +0.120000 +0.030000 +0.310000 +0.140000 +0.200000 +0.120000 +0.110000 +0.210000 +0.360000 +0.510000 +0.090000 +0.070000 +0.030000 +0.080000 +0.240000 +0.230000 +0.460000 +0.000000
 +0.030000 +0.440000 +0.420000 +0.260000 +0.040000 +0.180000 +0.280000 +0.110000 +0.070000 +0.260000 +0.200000 +0.550000 +0.100000 +0.070000 +0.210000 +0.450000 +0.680000 +0.140000 +0.060000 +0.050000 +0.100000 +0.110000 +0.170000 +0.310000 +0.330000 +0.000000
 +0.020000 +0.090000 +0.120000 +0.030000 +0.040000 +0.070000 +0.140000 +0.040000 +0.020000 +0.480000 +0.050000 +0.130000 +0.070000 +0.060000 +0.170000 +0.320000 +0.310000 +0.080000 +0.060000 +0.040000 +0.050000 +0.110000 +0.120000 +0.150000 +0.230000 +0.190000 +0.000000
 +0.070000 +0.160000 +0.190000 +0.070000 +0.040000 +0.180000 +0.140000 +0.060000 +0.150000 +0.460000 +0.090000 +0.140000 +0.050000 +0.030000 +0.170000 +0.410000 +0.300000 +0.080000 +0.040000 +0.040000 +0.060000 +0.120000 +0.170000 +0.190000 +0.370000 +0.170000 +0.630000 +0.000000
 +0.040000 +0.110000 +0.260000 +0.060000 +0.050000 +0.400000 +0.060000 +0.140000 +0.050000 +0.280000 +0.120000 +0.150000 +0.060000 +0.030000 +0.060000 +0.310000 +0.180000 +0.110000 +0.050000 +0.050000 +0.100000 +0.220000 +0.130000 +0.230000 +0.330000 +0.200000 +0.160000 +0.590000 +0.000000
 +0.060000 +0.300000 +0.170000 +0.120000 +0.060000 +0.250000 +0.120000 +0.300000 +0.080000 +0.180000 +0.110000 +0.170000 +0.050000 +0.040000 +0.050000 +0.140000 +0.210000 +0.080000 +0.120000 +0.030000 +0.260000 +0.670000 +0.120000 +0.320000 +0.200000 +0.060000 +0.070000 +0.230000 +0.380000 +0.000000
 +0.080000 +0.390000 +0.130000 +0.120000 +0.040000 +0.360000 +0.040000 +0.690000 +0.070000 +0.110000 +0.060000 +0.340000 +0.040000 +0.020000 +0.050000 +0.140000 +0.080000 +0.080000 +0.280000 +0.030000 +0.120000 +0.450000 +0.060000 +0.310000 +0.110000 +0.100000 +0.120000 +0.080000 +0.270000 +0.560000 +0.000000
 +0.070000 +0.770000 +0.300000 +0.180000 +0.030000 +0.240000 +0.070000 +0.250000 +0.050000 +0.110000 +0.150000 +0.280000 +0.070000 +0.040000 +0.130000 +0.170000 +0.290000 +0.120000 +0.120000 +0.060000 +0.110000 +0.330000 +0.090000 +0.580000 +0.320000 +0.320000 +0.120000 +0.140000 +0.340000 +0.340000 +0.300000 +0.000000
 +0.060000 +0.380000 +0.250000 +0.110000 +0.050000 +0.230000 +0.120000 +0.110000 +0.060000 +0.260000 +0.140000 +0.340000 +0.090000 +0.040000 +0.110000 +0.300000 +0.400000 +0.100000 +0.060000 +0.050000 +0.060000 +0.190000 +0.100000 +0.300000 +0.260000 +0.580000 +0.210000 +0.250000 +0.170000 +0.240000 +0.180000 +0.650000 +0.000000
 +0.050000 +0.200000 +0.320000 +0.080000 +0.030000 +0.100000 +0.190000 +0.050000 +0.020000 +0.310000 +0.120000 +0.150000 +0.050000 +0.040000 +0.130000 +0.180000 +0.520000 +0.060000 +0.060000 +0.050000 +0.070000 +0.090000 +0.060000 +0.200000 +0.340000 +0.490000 +0.370000 +0.250000 +0.170000 +0.130000 +0.100000 +0.220000 +0.650000 +0.000000
 +0.030000 +0.090000 +0.210000 +0.040000 +0.020000 +0.060000 +0.170000 +0.040000 +0.030000 +0.280000 +0.060000 +0.070000 +0.130000 +0.110000 +0.150000 +0.280000 +0.350000 +0.030000 +0.060000 +0.110000 +0.050000 +0.020000 +0.060000 +0.140000 +0.220000 +0.200000 +0.570000 +0.280000 +0.090000 +0.080000 +0.050000 +0.080000 +0.310000 +0.590000 +0.000000
 +0.060000 +0.040000 +0.120000 +0.040000 +0.040000 +0.060000 +0.130000 +0.040000 +0.050000 +0.270000 +0.070000 +0.030000 +0.030000 +0.030000 +0.190000 +0.170000 +0.270000 +0.020000 +0.030000 +0.050000 +0.040000 +0.040000 +0.050000 +0.090000 +0.160000 +0.180000 +0.530000 +0.190000 +0.100000 +0.070000 +0.050000 +0.180000 +0.150000 +0.390000 +0.800000 +0.000000


Transformed Data Dhat

 +0.000000
 +0.214789 +0.000000
 +0.214789 +1.632393 +0.000000
 +0.472535 +2.019012 +0.730281 +0.000000
 +0.214789 +0.386619 +0.386619 +0.300704 +0.000000
 +0.386619 +1.718308 +1.331689 +0.902112 +0.085915 +0.000000
 +0.429577 +0.773239 +0.859154 +1.675350 +0.128873 +0.515492 +0.000000
 +0.343662 +1.417604 +0.644366 +1.331689 +0.300704 +1.331689 +0.300704 +0.000000
 +2.362674 +0.257746 +0.386619 +0.472535 +0.601408 +0.300704 +0.257746 +0.472535 +0.000000
 +0.257746 +0.601408 +1.245773 +0.472535 +0.085915 +1.245773 +0.859154 +0.343662 +0.171831 +0.000000
 +0.601408 +1.245773 +1.331689 +3.307743 +0.128873 +0.730281 +1.245773 +0.429577 +0.214789 +1.073943 +0.000000
 +0.128873 +2.362674 +1.675350 +2.190843 +0.343662 +1.589435 +0.601408 +1.202816 +0.558450 +1.331689 +1.288731 +0.000000
 +1.073943 +0.386619 +0.429577 +0.472535 +0.257746 +0.515492 +0.945069 +0.300704 +0.472535 +0.429577 +0.730281 +0.300704 +0.000000
 +1.417604 +0.300704 +0.343662 +0.816196 +0.257746 +0.386619 +0.515492 +0.515492 +0.945069 +0.128873 +0.601408 +0.214789 +2.620420 +0.000000
 +0.300704 +0.429577 +0.644366 +0.343662 +0.214789 +0.429577 +2.964082 +0.343662 +0.214789 +1.288731 +1.245773 +0.429577 +0.343662 +0.300704 +0.000000
 +0.257746 +0.945069 +1.804224 +0.859154 +0.128873 +1.675350 +1.589435 +0.558450 +0.128873 +3.049997 +0.601408 +1.804224 +0.343662 +0.343662 +1.245773 +0.000000
 +0.386619 +0.988027 +1.546477 +0.429577 +0.214789 +0.601408 +0.730281 +0.300704 +0.171831 +1.589435 +1.159858 +1.331689 +0.472535 +0.257746 +1.245773 +2.019012 +0.000000
 +1.030985 +0.644366 +0.859154 +1.460562 +0.343662 +1.503520 +1.030985 +0.687323 +0.558450 +0.515492 +0.945069 +1.331689 +0.730281 +0.859154 +0.472535 +1.116900 +0.429577 +0.000000
 +0.859154 +0.902112 +0.429577 +1.288731 +0.386619 +0.859154 +0.214789 +2.061970 +1.116900 +0.128873 +0.343662 +0.472535 +0.257746 +0.644366 +0.214789 +0.343662 +0.128873 +0.730281 +0.000000
 +0.429577 +0.257746 +0.171831 +0.257746 +2.448589 +0.128873 +0.214789 +0.214789 +0.644366 +0.300704 +0.343662 +0.257746 +0.343662 +0.343662 +0.214789 +0.343662 +0.171831 +0.128873 +0.343662 +0.000000
 +1.116900 +1.030985 +0.386619 +1.073943 +0.171831 +1.159858 +0.558450 +1.503520 +0.687323 +0.343662 +1.460562 +1.030985 +0.515492 +0.644366 +0.386619 +0.687323 +0.386619 +1.374647 +2.319716 +0.300704 +0.000000
 +0.386619 +1.116900 +0.773239 +0.773239 +0.257746 +1.202816 +0.429577 +2.104927 +0.214789 +0.429577 +0.945069 +1.331689 +0.171831 +0.128873 +0.515492 +0.773239 +0.515492 +0.859154 +0.773239 +0.257746 +1.933097 +0.000000
 +0.558450 +0.644366 +0.945069 +1.073943 +0.257746 +1.331689 +1.245773 +0.515492 +0.257746 +0.730281 +1.331689 +0.816196 +0.773239 +0.386619 +1.116900 +0.859154 +0.816196 +2.663378 +0.515492 +0.171831 +1.159858 +0.816196 +0.000000
 +0.429577 +3.178870 +1.675350 +1.288731 +0.171831 +1.030985 +0.687323 +0.859154 +0.085915 +1.245773 +2.448589 +1.589435 +0.429577 +0.257746 +1.288731 +1.116900 +2.104927 +0.515492 +0.472535 +0.128873 +0.644366 +1.589435 +0.945069 +0.000000
 +0.343662 +1.159858 +3.092955 +0.644366 +0.214789 +1.159858 +0.988027 +0.515492 +0.128873 +1.331689 +0.601408 +0.859154 +0.515492 +0.472535 +0.902112 +1.546477 +2.190843 +0.386619 +0.300704 +0.128873 +0.343662 +1.030985 +0.988027 +1.976054 +0.000000
 +0.128873 +1.890139 +1.804224 +1.116900 +0.171831 +0.773239 +1.202816 +0.472535 +0.300704 +1.116900 +0.859154 +2.362674 +0.429577 +0.300704 +0.902112 +1.933097 +2.921124 +0.601408 +0.257746 +0.214789 +0.429577 +0.472535 +0.730281 +1.331689 +1.417604 +0.000000
 +0.085915 +0.386619 +0.515492 +0.128873 +0.171831 +0.300704 +0.601408 +0.171831 +0.085915 +2.061970 +0.214789 +0.558450 +0.300704 +0.257746 +0.730281 +1.374647 +1.331689 +0.343662 +0.257746 +0.171831 +0.214789 +0.472535 +0.515492 +0.644366 +0.988027 +0.816196 +0.000000
 +0.300704 +0.687323 +0.816196 +0.300704 +0.171831 +0.773239 +0.601408 +0.257746 +0.644366 +1.976054 +0.386619 +0.601408 +0.214789 +0.128873 +0.730281 +1.761266 +1.288731 +0.343662 +0.171831 +0.171831 +0.257746 +0.515492 +0.730281 +0.816196 +1.589435 +0.730281 +2.706335 +0.000000
 +0.171831 +0.472535 +1.116900 +0.257746 +0.214789 +1.718308 +0.257746 +0.601408 +0.214789 +1.202816 +0.515492 +0.644366 +0.257746 +0.128873 +0.257746 +1.331689 +0.773239 +0.472535 +0.214789 +0.214789 +0.429577 +0.945069 +0.558450 +0.988027 +1.417604 +0.859154 +0.687323 +2.534505 +0.000000
 +0.257746 +1.288731 +0.730281 +0.515492 +0.257746 +1.073943 +0.515492 +1.288731 +0.343662 +0.773239 +0.472535 +0.730281 +0.214789 +0.171831 +0.214789 +0.601408 +0.902112 +0.343662 +0.515492 +0.128873 +1.116900 +2.878166 +0.515492 +1.374647 +0.859154 +0.257746 +0.300704 +0.988027 +1.632393 +0.000000
 +0.343662 +1.675350 +0.558450 +0.515492 +0.171831 +1.546477 +0.171831 +2.964082 +0.300704 +0.472535 +0.257746 +1.460562 +0.171831 +0.085915 +0.214789 +0.601408 +0.343662 +0.343662 +1.202816 +0.128873 +0.515492 +1.933097 +0.257746 +1.331689 +0.472535 +0.429577 +0.515492 +0.343662 +1.159858 +2.405631 +0.000000
 +0.300704 +3.307743 +1.288731 +0.773239 +0.128873 +1.030985 +0.300704 +1.073943 +0.214789 +0.472535 +0.644366 +1.202816 +0.300704 +0.171831 +0.558450 +0.730281 +1.245773 +0.515492 +0.515492 +0.257746 +0.472535 +1.417604 +0.386619 +2.491547 +1.374647 +1.374647 +0.515492 +0.601408 +1.460562 +1.460562 +1.288731 +0.000000
 +0.257746 +1.632393 +1.073943 +0.472535 +0.214789 +0.988027 +0.515492 +0.472535 +0.257746 +1.116900 +0.601408 +1.460562 +0.386619 +0.171831 +0.472535 +1.288731 +1.718308 +0.429577 +0.257746 +0.214789 +0.257746 +0.816196 +0.429577 +1.288731 +1.116900 +2.491547 +0.902112 +1.073943 +0.730281 +1.030985 +0.773239 +2.792251 +0.000000
 +0.214789 +0.859154 +1.374647 +0.343662 +0.128873 +0.429577 +0.816196 +0.214789 +0.085915 +1.331689 +0.515492 +0.644366 +0.214789 +0.171831 +0.558450 +0.773239 +2.233801 +0.257746 +0.257746 +0.214789 +0.300704 +0.386619 +0.257746 +0.859154 +1.460562 +2.104927 +1.589435 +1.073943 +0.730281 +0.558450 +0.429577 +0.945069 +2.792251 +0.000000
 +0.128873 +0.386619 +0.902112 +0.171831 +0.085915 +0.257746 +0.730281 +0.171831 +0.128873 +1.202816 +0.257746 +0.300704 +0.558450 +0.472535 +0.644366 +1.202816 +1.503520 +0.128873 +0.257746 +0.472535 +0.214789 +0.085915 +0.257746 +0.601408 +0.945069 +0.859154 +2.448589 +1.202816 +0.386619 +0.343662 +0.214789 +0.343662 +1.331689 +2.534505 +0.000000
 +0.257746 +0.171831 +0.515492 +0.171831 +0.171831 +0.257746 +0.558450 +0.171831 +0.214789 +1.159858 +0.300704 +0.128873 +0.128873 +0.128873 +0.816196 +0.730281 +1.159858 +0.085915 +0.128873 +0.214789 +0.171831 +0.171831 +0.214789 +0.386619 +0.687323 +0.773239 +2.276758 +0.816196 +0.429577 +0.300704 +0.214789 +0.773239 +0.644366 +1.675350 +3.436616 +0.000000


Configuration X

 -0.158678 +0.161126
 +0.903814 -0.053035
 -0.261990 -0.707861
 +0.117773 -0.609219
 -0.040140 +0.116581
 -0.336767 +0.527605
 -0.243999 +0.397921
 -0.460892 +0.071983
 +0.172719 -0.111404
 -0.685959 +0.150984
 +0.161439 +0.501677
 -0.036852 +0.809988
 +0.199442 +0.050747
 -0.111031 -0.091692
 +0.062530 -0.287582
 +0.755022 -0.443645
 +0.403086 +0.735355
 -0.367618 -0.119499
 +0.112509 +0.284660
 -0.004825 -0.112845
 -0.081208 -0.495325
 +0.438358 +0.381714
 +0.417670 -0.072375
 -0.715381 -0.609889
 +0.698801 +0.203239
 -0.761149 -0.168930
 -0.152288 -0.438529
 -0.051701 +0.495509
 +0.149728 -0.332533
 -0.394645 -0.214921
 +0.343773 -0.199265
 -0.526168 +0.515443
 +0.256611 -0.673266
 +0.321987 +0.218355
 -0.379372 +0.190694
 +0.255399 -0.071765


Distance Matrix D(X)

 +0.000000
 +1.083861 +0.000000
 +0.875107 +1.337122 +0.000000
 +0.818448 +0.962913 +0.392365 +0.000000
 +0.126631 +0.959072 +0.853770 +0.742781 +0.000000
 +0.407459 +1.369739 +1.237727 +1.224327 +0.506881 +0.000000
 +0.251698 +1.233222 +1.105929 +1.070145 +0.347434 +0.159449 +0.000000
 +0.315087 +1.370421 +0.804810 +0.893806 +0.423109 +0.472227 +0.391508 +0.000000
 +0.429064 +0.733421 +0.738060 +0.500839 +0.311907 +0.817256 +0.658077 +0.659616 +0.000000
 +0.527378 +1.602811 +0.957792 +1.106298 +0.646735 +0.513594 +0.506268 +0.238529 +0.897872 +0.000000
 +0.467386 +0.926729 +1.281513 +1.111754 +0.434664 +0.498880 +0.418503 +0.756262 +0.613184 +0.917098 +0.000000
 +0.660200 +1.276583 +1.534456 +1.427606 +0.693415 +0.411934 +0.461204 +0.851153 +0.944925 +0.925001 +0.366572 +0.000000
 +0.374744 +0.711977 +0.887922 +0.665000 +0.248462 +0.717574 +0.563178 +0.660675 +0.164338 +0.891056 +0.452528 +0.795162 +0.000000
 +0.257268 +1.015582 +0.634392 +0.565850 +0.220008 +0.659155 +0.507347 +0.386254 +0.284434 +0.624046 +0.652937 +0.904726 +0.341588 +0.000000
 +0.500272 +0.873368 +0.530987 +0.326347 +0.417000 +0.907727 +0.750916 +0.635026 +0.207799 +0.867511 +0.795433 +1.102061 +0.364981 +0.261719 +0.000000
 +1.095717 +0.417989 +1.050773 +0.658408 +0.972695 +1.461277 +1.306245 +1.320727 +0.670419 +1.558849 +1.116232 +1.482788 +0.743702 +0.934837 +0.709860 +0.000000
 +0.803317 +0.933964 +1.589088 +1.374512 +0.761138 +0.768468 +0.729781 +1.089276 +0.877536 +1.235924 +0.336153 +0.446224 +0.714254 +0.973819 +1.078137 +1.230406 +0.000000
 +0.349866 +1.273168 +0.597768 +0.689514 +0.403703 +0.647839 +0.531983 +0.212992 +0.540397 +0.417735 +0.815942 +0.986587 +0.592064 +0.258089 +0.461821 +1.168499 +1.150983 +0.000000
 +0.297999 +0.860350 +1.060824 +0.893895 +0.227051 +0.510756 +0.374067 +0.611572 +0.400614 +0.809581 +0.222464 +0.546149 +0.249545 +0.437734 +0.574421 +0.971211 +0.536247 +0.627588 +0.000000
 +0.314214 +0.910606 +0.648211 +0.511290 +0.232128 +0.721361 +0.563991 +0.492096 +0.177550 +0.730444 +0.636617 +0.923389 +0.261701 +0.108292 +0.187269 +0.828732 +0.941188 +0.362853 +0.414461 +0.000000
 +0.661006 +1.079763 +0.279023 +0.229271 +0.613283 +1.054370 +0.907959 +0.682641 +0.460298 +0.885121 +1.026105 +1.306067 +0.613970 +0.404734 +0.252622 +0.837826 +1.322541 +0.472521 +0.803681 +0.390033 +0.000000
 +0.636484 +0.636912 +1.295246 +1.041501 +0.547043 +0.788735 +0.682549 +0.951097 +0.560116 +1.147748 +0.301787 +0.639722 +0.408192 +0.725219 +0.767597 +0.884021 +0.355395 +0.949111 +0.339996 +0.664079 +1.019386 +0.000000
 +0.621852 +0.486529 +0.930473 +0.614931 +0.495272 +0.963925 +0.811778 +0.890343 +0.248041 +1.126004 +0.628641 +0.992550 +0.250565 +0.529054 +0.415257 +0.501645 +0.807862 +0.786700 +0.469677 +0.424429 +0.654038 +0.454560 +0.000000
 +0.950990 +1.712273 +0.463856 +0.833155 +0.991821 +1.198850 +1.112602 +0.727814 +1.018435 +0.761441 +1.415765 +1.573675 +1.128424 +0.796095 +0.842038 +1.479772 +1.749472 +0.601183 +1.218860 +0.867146 +0.644438 +1.521313 +1.254084 +0.000000
 +0.858512 +0.328187 +1.324093 +0.998840 +0.744005 +1.085179 +0.962690 +1.167097 +0.612994 +1.385745 +0.614673 +0.953588 +0.522124 +0.861866 +0.803583 +0.649322 +0.608765 +1.114185 +0.591918 +0.771362 +1.047094 +0.315727 +0.393697 +1.631284 +0.000000
 +0.686955 +1.668992 +0.734579 +0.983035 +0.775481 +0.815635 +0.767310 +0.384958 +0.935638 +0.328631 +1.140562 +1.217738 +0.985389 +0.654689 +0.832181 +1.540858 +1.474169 +0.396623 +0.984389 +0.758400 +0.754224 +1.319858 +1.182766 +0.443327 +1.506639 +0.000000
 +0.599688 +1.124258 +0.290817 +0.319482 +0.566325 +0.983589 +0.841463 +0.596539 +0.461129 +0.795191 +0.991166 +1.253842 +0.602581 +0.349282 +0.262548 +0.907325 +1.298631 +0.384898 +0.770142 +0.357512 +0.090985 +1.010773 +0.677437 +0.588590 +1.065935 +0.665879 +0.000000
 +0.351079 +1.101777 +1.221606 +1.117653 +0.379104 +0.286867 +0.215642 +0.588907 +0.647076 +0.721790 +0.213229 +0.314829 +0.510770 +0.590191 +0.791379 +1.238068 +0.514158 +0.691403 +0.267250 +0.610158 +0.991274 +0.503098 +0.736751 +1.289331 +0.805404 +0.972006 +0.939438 +0.000000
 +0.582076 +0.804217 +0.557120 +0.278525 +0.487600 +0.988187 +0.829810 +0.732454 +0.222321 +0.965485 +0.834292 +1.157656 +0.386491 +0.354964 +0.098102 +0.615408 +1.097532 +0.559490 +0.618314 +0.268606 +0.282546 +0.770362 +0.373464 +0.908482 +0.767159 +0.925452 +0.320076 +0.852190 +0.000000
 +0.443950 +1.308512 +0.510478 +0.646563 +0.485353 +0.744778 +0.631087 +0.294453 +0.576730 +0.467708 +0.907051 +1.085567 +0.650783 +0.309228 +0.462913 +1.172198 +1.240726 +0.099176 +0.711890 +0.402963 +0.420558 +1.024631 +0.824727 +0.508794 +1.170676 +0.369378 +0.329753 +0.788874 +0.556933 +0.000000
 +0.618336 +0.578817 +0.790960 +0.468122 +0.497140 +0.995729 +0.837919 +0.849154 +0.192300 +1.087668 +0.724269 +1.078642 +0.288683 +0.467353 +0.294784 +0.478380 +0.936501 +0.715849 +0.536346 +0.359151 +0.517939 +0.588629 +0.146840 +1.135967 +0.536707 +1.105338 +0.550748 +0.799445 +0.235402 +0.738584 +0.000000
 +0.510480 +1.538836 +1.251505 +1.295965 +0.628740 +0.189791 +0.305664 +0.448239 +0.938818 +0.397950 +0.687744 +0.571127 +0.861656 +0.735494 +0.995698 +1.600405 +0.954921 +0.654439 +0.679094 +0.816422 +1.104374 +0.973752 +1.111917 +1.141128 +1.264128 +0.723591 +1.024621 +0.474885 +1.084388 +0.742112 +1.125880 +0.000000
 +0.932027 +0.896414 +0.519753 +0.152898 +0.843754 +1.339473 +1.182393 +1.034508 +0.568091 +1.252128 +1.178792 +1.512007 +0.726267 +0.688033 +0.431763 +0.548763 +1.416217 +0.834457 +0.968704 +0.618402 +0.381817 +1.070522 +0.622102 +0.974056 +0.981730 +1.135865 +0.471487 +1.208757 +0.357104 +0.796375 +0.481948 +1.423296 +0.000000
 +0.484060 +0.642009 +1.094945 +0.852398 +0.376157 +0.727731 +0.593788 +0.796445 +0.361969 +1.010195 +0.325649 +0.691951 +0.207629 +0.532573 +0.568586 +0.791052 +0.523322 +0.767920 +0.219721 +0.465295 +0.819699 +0.200570 +0.306070 +1.327449 +0.377116 +1.150293 +0.810206 +0.465250 +0.577192 +0.837431 +0.418188 +0.898682 +0.894015 +0.000000
 +0.222666 +1.306128 +0.906190 +0.941815 +0.347233 +0.339594 +0.247526 +0.144007 +0.629339 +0.309148 +0.623848 +0.707704 +0.595492 +0.389549 +0.651172 +1.299706 +0.953361 +0.310416 +0.500776 +0.482101 +0.748014 +0.839745 +0.839334 +0.868237 +1.078246 +0.524483 +0.668946 +0.447527 +0.744119 +0.405903 +0.821588 +0.356386 +1.072801 +0.701905 +0.000000
 +0.475077 +0.648686 +0.819945 +0.554796 +0.350453 +0.842559 +0.685568 +0.730573 +0.091691 +0.967353 +0.581089 +0.928924 +0.134686 +0.366972 +0.289440 +0.622831 +0.820521 +0.624843 +0.384000 +0.263447 +0.541025 +0.488996 +0.162272 +1.109951 +0.521759 +1.021181 +0.548383 +0.645066 +0.281365 +0.665621 +0.155133 +0.977579 +0.601503 +0.297663 +0.686891 +0.000000


