Fri Dec 15 18:37:24 2023


Final Iteration

itel 999 sold 0.1409855110 snew 0.1409855110 sdif +0.0000000000 rmsd +0.0000000000 rate 0.9888719618


Data Delta

 +0.000000
 +0.050000 +0.000000
 +0.050000 +0.380000 +0.000000
 +0.110000 +0.470000 +0.170000 +0.000000
 +0.050000 +0.090000 +0.090000 +0.070000 +0.000000
 +0.090000 +0.400000 +0.310000 +0.210000 +0.020000 +0.000000
 +0.100000 +0.180000 +0.200000 +0.390000 +0.030000 +0.120000 +0.000000
 +0.080000 +0.330000 +0.150000 +0.310000 +0.070000 +0.310000 +0.070000 +0.000000
 +0.550000 +0.060000 +0.090000 +0.110000 +0.140000 +0.070000 +0.060000 +0.110000 +0.000000
 +0.060000 +0.140000 +0.290000 +0.110000 +0.020000 +0.290000 +0.200000 +0.080000 +0.040000 +0.000000
 +0.140000 +0.290000 +0.310000 +0.770000 +0.030000 +0.170000 +0.290000 +0.100000 +0.050000 +0.250000 +0.000000
 +0.030000 +0.550000 +0.390000 +0.510000 +0.080000 +0.370000 +0.140000 +0.280000 +0.130000 +0.310000 +0.300000 +0.000000
 +0.250000 +0.090000 +0.100000 +0.110000 +0.060000 +0.120000 +0.220000 +0.070000 +0.110000 +0.100000 +0.170000 +0.070000 +0.000000
 +0.330000 +0.070000 +0.080000 +0.190000 +0.060000 +0.090000 +0.120000 +0.120000 +0.220000 +0.030000 +0.140000 +0.050000 +0.610000 +0.000000
 +0.070000 +0.100000 +0.150000 +0.080000 +0.050000 +0.100000 +0.690000 +0.080000 +0.050000 +0.300000 +0.290000 +0.100000 +0.080000 +0.070000 +0.000000
 +0.060000 +0.220000 +0.420000 +0.200000 +0.030000 +0.390000 +0.370000 +0.130000 +0.030000 +0.710000 +0.140000 +0.420000 +0.080000 +0.080000 +0.290000 +0.000000
 +0.090000 +0.230000 +0.360000 +0.100000 +0.050000 +0.140000 +0.170000 +0.070000 +0.040000 +0.370000 +0.270000 +0.310000 +0.110000 +0.060000 +0.290000 +0.470000 +0.000000
 +0.240000 +0.150000 +0.200000 +0.340000 +0.080000 +0.350000 +0.240000 +0.160000 +0.130000 +0.120000 +0.220000 +0.310000 +0.170000 +0.200000 +0.110000 +0.260000 +0.100000 +0.000000
 +0.200000 +0.210000 +0.100000 +0.300000 +0.090000 +0.200000 +0.050000 +0.480000 +0.260000 +0.030000 +0.080000 +0.110000 +0.060000 +0.150000 +0.050000 +0.080000 +0.030000 +0.170000 +0.000000
 +0.100000 +0.060000 +0.040000 +0.060000 +0.570000 +0.030000 +0.050000 +0.050000 +0.150000 +0.070000 +0.080000 +0.060000 +0.080000 +0.080000 +0.050000 +0.080000 +0.040000 +0.030000 +0.080000 +0.000000
 +0.260000 +0.240000 +0.090000 +0.250000 +0.040000 +0.270000 +0.130000 +0.350000 +0.160000 +0.080000 +0.340000 +0.240000 +0.120000 +0.150000 +0.090000 +0.160000 +0.090000 +0.320000 +0.540000 +0.070000 +0.000000
 +0.090000 +0.260000 +0.180000 +0.180000 +0.060000 +0.280000 +0.100000 +0.490000 +0.050000 +0.100000 +0.220000 +0.310000 +0.040000 +0.030000 +0.120000 +0.180000 +0.120000 +0.200000 +0.180000 +0.060000 +0.450000 +0.000000
 +0.130000 +0.150000 +0.220000 +0.250000 +0.060000 +0.310000 +0.290000 +0.120000 +0.060000 +0.170000 +0.310000 +0.190000 +0.180000 +0.090000 +0.260000 +0.200000 +0.190000 +0.620000 +0.120000 +0.040000 +0.270000 +0.190000 +0.000000
 +0.100000 +0.740000 +0.390000 +0.300000 +0.040000 +0.240000 +0.160000 +0.200000 +0.020000 +0.290000 +0.570000 +0.370000 +0.100000 +0.060000 +0.300000 +0.260000 +0.490000 +0.120000 +0.110000 +0.030000 +0.150000 +0.370000 +0.220000 +0.000000
 +0.080000 +0.270000 +0.720000 +0.150000 +0.050000 +0.270000 +0.230000 +0.120000 +0.030000 +0.310000 +0.140000 +0.200000 +0.120000 +0.110000 +0.210000 +0.360000 +0.510000 +0.090000 +0.070000 +0.030000 +0.080000 +0.240000 +0.230000 +0.460000 +0.000000
 +0.030000 +0.440000 +0.420000 +0.260000 +0.040000 +0.180000 +0.280000 +0.110000 +0.070000 +0.260000 +0.200000 +0.550000 +0.100000 +0.070000 +0.210000 +0.450000 +0.680000 +0.140000 +0.060000 +0.050000 +0.100000 +0.110000 +0.170000 +0.310000 +0.330000 +0.000000
 +0.020000 +0.090000 +0.120000 +0.030000 +0.040000 +0.070000 +0.140000 +0.040000 +0.020000 +0.480000 +0.050000 +0.130000 +0.070000 +0.060000 +0.170000 +0.320000 +0.310000 +0.080000 +0.060000 +0.040000 +0.050000 +0.110000 +0.120000 +0.150000 +0.230000 +0.190000 +0.000000
 +0.070000 +0.160000 +0.190000 +0.070000 +0.040000 +0.180000 +0.140000 +0.060000 +0.150000 +0.460000 +0.090000 +0.140000 +0.050000 +0.030000 +0.170000 +0.410000 +0.300000 +0.080000 +0.040000 +0.040000 +0.060000 +0.120000 +0.170000 +0.190000 +0.370000 +0.170000 +0.630000 +0.000000
 +0.040000 +0.110000 +0.260000 +0.060000 +0.050000 +0.400000 +0.060000 +0.140000 +0.050000 +0.280000 +0.120000 +0.150000 +0.060000 +0.030000 +0.060000 +0.310000 +0.180000 +0.110000 +0.050000 +0.050000 +0.100000 +0.220000 +0.130000 +0.230000 +0.330000 +0.200000 +0.160000 +0.590000 +0.000000
 +0.060000 +0.300000 +0.170000 +0.120000 +0.060000 +0.250000 +0.120000 +0.300000 +0.080000 +0.180000 +0.110000 +0.170000 +0.050000 +0.040000 +0.050000 +0.140000 +0.210000 +0.080000 +0.120000 +0.030000 +0.260000 +0.670000 +0.120000 +0.320000 +0.200000 +0.060000 +0.070000 +0.230000 +0.380000 +0.000000
 +0.080000 +0.390000 +0.130000 +0.120000 +0.040000 +0.360000 +0.040000 +0.690000 +0.070000 +0.110000 +0.060000 +0.340000 +0.040000 +0.020000 +0.050000 +0.140000 +0.080000 +0.080000 +0.280000 +0.030000 +0.120000 +0.450000 +0.060000 +0.310000 +0.110000 +0.100000 +0.120000 +0.080000 +0.270000 +0.560000 +0.000000
 +0.070000 +0.770000 +0.300000 +0.180000 +0.030000 +0.240000 +0.070000 +0.250000 +0.050000 +0.110000 +0.150000 +0.280000 +0.070000 +0.040000 +0.130000 +0.170000 +0.290000 +0.120000 +0.120000 +0.060000 +0.110000 +0.330000 +0.090000 +0.580000 +0.320000 +0.320000 +0.120000 +0.140000 +0.340000 +0.340000 +0.300000 +0.000000
 +0.060000 +0.380000 +0.250000 +0.110000 +0.050000 +0.230000 +0.120000 +0.110000 +0.060000 +0.260000 +0.140000 +0.340000 +0.090000 +0.040000 +0.110000 +0.300000 +0.400000 +0.100000 +0.060000 +0.050000 +0.060000 +0.190000 +0.100000 +0.300000 +0.260000 +0.580000 +0.210000 +0.250000 +0.170000 +0.240000 +0.180000 +0.650000 +0.000000
 +0.050000 +0.200000 +0.320000 +0.080000 +0.030000 +0.100000 +0.190000 +0.050000 +0.020000 +0.310000 +0.120000 +0.150000 +0.050000 +0.040000 +0.130000 +0.180000 +0.520000 +0.060000 +0.060000 +0.050000 +0.070000 +0.090000 +0.060000 +0.200000 +0.340000 +0.490000 +0.370000 +0.250000 +0.170000 +0.130000 +0.100000 +0.220000 +0.650000 +0.000000
 +0.030000 +0.090000 +0.210000 +0.040000 +0.020000 +0.060000 +0.170000 +0.040000 +0.030000 +0.280000 +0.060000 +0.070000 +0.130000 +0.110000 +0.150000 +0.280000 +0.350000 +0.030000 +0.060000 +0.110000 +0.050000 +0.020000 +0.060000 +0.140000 +0.220000 +0.200000 +0.570000 +0.280000 +0.090000 +0.080000 +0.050000 +0.080000 +0.310000 +0.590000 +0.000000
 +0.060000 +0.040000 +0.120000 +0.040000 +0.040000 +0.060000 +0.130000 +0.040000 +0.050000 +0.270000 +0.070000 +0.030000 +0.030000 +0.030000 +0.190000 +0.170000 +0.270000 +0.020000 +0.030000 +0.050000 +0.040000 +0.040000 +0.050000 +0.090000 +0.160000 +0.180000 +0.530000 +0.190000 +0.100000 +0.070000 +0.050000 +0.180000 +0.150000 +0.390000 +0.800000 +0.000000


Transformed Data Dhat

 +0.000000
 +0.848567 +0.000000
 +0.848567 +1.184058 +0.000000
 +0.929884 +1.249997 +0.999742 +0.000000
 +0.848567 +0.904154 +0.904154 +0.877074 +0.000000
 +0.904154 +1.198871 +1.129876 +1.040977 +0.802961 +0.000000
 +0.917183 +1.010418 +1.031025 +1.191489 +0.818555 +0.942266 +0.000000
 +0.890788 +1.145840 +0.977601 +1.129876 +0.877074 +1.129876 +0.877074 +0.000000
 +1.310333 +0.863004 +0.904154 +0.929884 +0.966115 +0.877074 +0.863004 +0.929884 +0.000000
 +0.863004 +0.966115 +1.113409 +0.929884 +0.802961 +1.113409 +1.031025 +0.890788 +0.833754 +0.000000
 +0.966115 +1.113409 +1.129876 +1.525951 +0.818555 +0.999742 +1.113409 +0.917183 +0.848567 +1.078660 +0.000000
 +0.818555 +1.310333 +1.191489 +1.279628 +0.890788 +1.176569 +0.966115 +1.104963 +0.954340 +1.129876 +1.121710 +0.000000
 +1.078660 +0.904154 +0.917183 +0.929884 +0.863004 +0.942266 +1.050706 +0.877074 +0.929884 +0.917183 +0.999742 +0.877074 +0.000000
 +1.145840 +0.877074 +0.890788 +1.020842 +0.863004 +0.904154 +0.942266 +0.942266 +1.050706 +0.818555 +0.966115 +0.848567 +1.359751 +0.000000
 +0.877074 +0.917183 +0.977601 +0.890788 +0.848567 +0.917183 +1.435154 +0.890788 +0.848567 +1.121710 +1.113409 +0.917183 +0.890788 +0.877074 +0.000000
 +0.863004 +1.050706 +1.213528 +1.031025 +0.818555 +1.191489 +1.176569 +0.954340 +0.818555 +1.456218 +0.966115 +1.213528 +0.890788 +0.890788 +1.113409 +0.000000
 +0.904154 +1.060224 +1.169013 +0.917183 +0.848567 +0.966115 +0.999742 +0.877074 +0.833754 +1.176569 +1.096363 +1.129876 +0.929884 +0.863004 +1.113409 +1.249997 +0.000000
 +1.069538 +0.977601 +1.031025 +1.153658 +0.890788 +1.161379 +1.069538 +0.988807 +0.954340 +0.942266 +1.050706 +1.129876 +0.999742 +1.031025 +0.929884 +1.087598 +0.917183 +0.000000
 +1.031025 +1.040977 +0.917183 +1.121710 +0.904154 +1.031025 +0.848567 +1.257338 +1.087598 +0.818555 +0.890788 +0.929884 +0.863004 +0.977601 +0.848567 +0.890788 +0.818555 +0.999742 +0.000000
 +0.917183 +0.863004 +0.833754 +0.863004 +1.326280 +0.818555 +0.848567 +0.848567 +0.977601 +0.877074 +0.890788 +0.863004 +0.890788 +0.890788 +0.848567 +0.890788 +0.833754 +0.818555 +0.890788 +0.000000
 +1.087598 +1.069538 +0.904154 +1.078660 +0.833754 +1.096363 +0.954340 +1.161379 +0.988807 +0.890788 +1.153658 +1.069538 +0.942266 +0.977601 +0.904154 +0.988807 +0.904154 +1.137916 +1.302522 +0.877074 +0.000000
 +0.904154 +1.087598 +1.010418 +1.010418 +0.863004 +1.104963 +0.917183 +1.264717 +0.848567 +0.917183 +1.050706 +1.129876 +0.833754 +0.818555 +0.942266 +1.010418 +0.942266 +1.031025 +1.010418 +0.863004 +1.235391 +0.000000
 +0.954340 +0.977601 +1.050706 +1.078660 +0.863004 +1.129876 +1.113409 +0.942266 +0.863004 +0.999742 +1.129876 +1.020842 +1.010418 +0.904154 +1.087598 +1.031025 +1.020842 +1.368503 +0.942266 +0.833754 +1.096363 +1.020842 +0.000000
 +0.917183 +1.489785 +1.191489 +1.121710 +0.833754 +1.069538 +0.988807 +1.031025 +0.802961 +1.113409 +1.326280 +1.176569 +0.917183 +0.863004 +1.121710 +1.087598 +1.264717 +0.942266 +0.929884 +0.818555 +0.977601 +1.176569 +1.050706 +0.000000
 +0.890788 +1.096363 +1.467134 +0.977601 +0.848567 +1.096363 +1.060224 +0.942266 +0.818555 +1.129876 +0.966115 +1.031025 +0.942266 +0.929884 +1.040977 +1.169013 +1.279628 +0.904154 +0.877074 +0.818555 +0.890788 +1.069538 +1.060224 +1.242685 +0.000000
 +0.818555 +1.228107 +1.213528 +1.087598 +0.833754 +1.010418 +1.104963 +0.929884 +0.877074 +1.087598 +1.031025 +1.310333 +0.917183 +0.877074 +1.040977 +1.235391 +1.424988 +0.966115 +0.863004 +0.848567 +0.917183 +0.929884 +0.999742 +1.129876 +1.145840 +0.000000
 +0.802961 +0.904154 +0.942266 +0.818555 +0.833754 +0.877074 +0.966115 +0.833754 +0.802961 +1.257338 +0.848567 +0.954340 +0.877074 +0.863004 +0.999742 +1.137916 +1.129876 +0.890788 +0.863004 +0.833754 +0.848567 +0.929884 +0.942266 +0.977601 +1.060224 +1.020842 +0.000000
 +0.877074 +0.988807 +1.020842 +0.877074 +0.833754 +1.010418 +0.966115 +0.863004 +0.977601 +1.242685 +0.904154 +0.966115 +0.848567 +0.818555 +0.999742 +1.206214 +1.121710 +0.890788 +0.833754 +0.833754 +0.863004 +0.942266 +0.999742 +1.020842 +1.176569 +0.999742 +1.377429 +0.000000
 +0.833754 +0.929884 +1.087598 +0.863004 +0.848567 +1.198871 +0.863004 +0.966115 +0.848567 +1.104963 +0.942266 +0.977601 +0.863004 +0.818555 +0.863004 +1.129876 +1.010418 +0.929884 +0.848567 +0.848567 +0.917183 +1.050706 +0.954340 +1.060224 +1.145840 +1.031025 +0.988807 +1.342727 +0.000000
 +0.863004 +1.121710 +0.999742 +0.942266 +0.863004 +1.078660 +0.942266 +1.121710 +0.890788 +1.010418 +0.929884 +0.999742 +0.848567 +0.833754 +0.848567 +0.966115 +1.040977 +0.890788 +0.942266 +0.818555 +1.087598 +1.415053 +0.942266 +1.137916 +1.031025 +0.863004 +0.877074 +1.060224 +1.184058 +0.000000
 +0.890788 +1.191489 +0.954340 +0.942266 +0.833754 +1.169013 +0.833754 +1.435154 +0.877074 +0.929884 +0.863004 +1.153658 +0.833754 +0.802961 +0.848567 +0.966115 +0.890788 +0.890788 +1.104963 +0.818555 +0.942266 +1.235391 +0.863004 +1.129876 +0.929884 +0.917183 +0.942266 +0.890788 +1.096363 +1.318249 +0.000000
 +0.877074 +1.525951 +1.121710 +1.010418 +0.818555 +1.069538 +0.877074 +1.078660 +0.848567 +0.929884 +0.977601 +1.104963 +0.877074 +0.833754 +0.954340 +0.999742 +1.113409 +0.942266 +0.942266 +0.863004 +0.929884 +1.145840 +0.904154 +1.334436 +1.137916 +1.137916 +0.942266 +0.966115 +1.153658 +1.153658 +1.121710 +0.000000
 +0.863004 +1.184058 +1.078660 +0.929884 +0.848567 +1.060224 +0.942266 +0.929884 +0.863004 +1.087598 +0.966115 +1.153658 +0.904154 +0.833754 +0.929884 +1.121710 +1.198871 +0.917183 +0.863004 +0.848567 +0.863004 +1.020842 +0.917183 +1.121710 +1.087598 +1.334436 +1.040977 +1.078660 +0.999742 +1.069538 +1.010418 +1.395837 +0.000000
 +0.848567 +1.031025 +1.137916 +0.890788 +0.818555 +0.917183 +1.020842 +0.848567 +0.802961 +1.129876 +0.942266 +0.977601 +0.848567 +0.833754 +0.954340 +1.010418 +1.287180 +0.863004 +0.863004 +0.848567 +0.877074 +0.904154 +0.863004 +1.031025 +1.153658 +1.264717 +1.176569 +1.078660 +0.999742 +0.954340 +0.917183 +1.050706 +1.395837 +0.000000
 +0.818555 +0.904154 +1.040977 +0.833754 +0.802961 +0.863004 +0.999742 +0.833754 +0.818555 +1.104963 +0.863004 +0.877074 +0.954340 +0.929884 +0.977601 +1.104963 +1.161379 +0.818555 +0.863004 +0.929884 +0.848567 +0.802961 +0.863004 +0.966115 +1.050706 +1.031025 +1.326280 +1.104963 +0.904154 +0.890788 +0.848567 +0.890788 +1.129876 +1.342727 +0.000000
 +0.863004 +0.833754 +0.942266 +0.833754 +0.833754 +0.863004 +0.954340 +0.833754 +0.848567 +1.096363 +0.877074 +0.818555 +0.818555 +0.818555 +1.020842 +0.999742 +1.096363 +0.802961 +0.818555 +0.848567 +0.833754 +0.833754 +0.848567 +0.904154 +0.988807 +1.010418 +1.294808 +1.020842 +0.917183 +0.877074 +0.848567 +1.010418 +0.977601 +1.191489 +1.564975 +0.000000


Configuration X

 +0.269470 -0.247885
 -0.441288 -0.728950
 +0.775821 -0.223721
 +0.116593 -0.741679
 -0.087873 +0.071780
 +0.772979 +0.091958
 +0.072602 +0.641255
 +0.507863 -0.301575
 -0.320378 -0.040128
 +0.341355 -0.726450
 -0.505752 +0.510376
 -0.376919 +0.702622
 -0.079624 -0.238965
 +0.114442 +0.278850
 +0.020183 -0.484190
 -0.161164 +0.816698
 -0.658802 -0.491714
 +0.468224 +0.239679
 -0.052428 +0.474004
 +0.205834 +0.020404
 -0.628901 +0.041734
 -0.106930 -0.725730
 -0.611311 -0.235022
 +0.333225 +0.793034
 -0.748643 +0.342310
 +0.653228 -0.487123
 -0.355344 -0.290246
 +0.518724 +0.482889
 -0.334956 -0.520780
 +0.543065 -0.001832
 -0.518785 +0.254969
 +0.701616 +0.369089
 -0.798718 -0.055873
 +0.304672 +0.550543
 +0.331093 -0.483743
 -0.263174 +0.343413


Distance Matrix D(X)

 +0.000000
 +0.858255 +0.000000
 +0.506927 +1.317805 +0.000000
 +0.516918 +0.558026 +0.838368 +0.000000
 +0.479458 +0.875255 +0.912846 +0.838762 +0.000000
 +0.607465 +1.465720 +0.315692 +1.061034 +0.861088 +0.000000
 +0.910675 +1.463402 +1.114765 +1.383634 +0.591654 +0.890088 +0.000000
 +0.244363 +1.040930 +0.279039 +0.588883 +0.703061 +0.474505 +1.038452 +0.000000
 +0.625367 +0.699354 +1.111466 +0.826509 +0.258035 +1.101306 +0.786585 +0.868525 +0.000000
 +0.483934 +0.782647 +0.664452 +0.225278 +0.906316 +0.925252 +1.393860 +0.456337 +0.953378 +0.000000
 +1.084403 +1.241002 +1.476932 +1.398198 +0.605797 +1.345447 +0.592978 +1.298723 +0.580878 +1.499110 +0.000000
 +1.149471 +1.433019 +1.478824 +1.526290 +0.693909 +1.301989 +0.453690 +1.338376 +0.744899 +1.599427 +0.231422 +0.000000
 +0.349208 +0.609005 +0.855580 +0.539650 +0.310854 +0.914572 +0.893286 +0.590813 +0.312248 +0.644100 +0.862031 +0.987406 +0.000000
 +0.549075 +1.150868 +0.830662 +1.020531 +0.289499 +0.684543 +0.364813 +0.701194 +0.539273 +1.030591 +0.662001 +0.648860 +0.552986 +0.000000
 +0.343488 +0.522363 +0.799270 +0.274947 +0.566373 +0.947970 +1.126665 +0.520749 +0.559618 +0.402296 +1.125064 +1.251484 +0.264757 +0.768839 +0.000000
 +1.148382 +1.570827 +1.400147 +1.582936 +0.748515 +1.182316 +0.292278 +1.303123 +0.871492 +1.622908 +0.461057 +0.244057 +1.058807 +0.604350 +1.313466 +0.000000
 +0.959762 +0.321860 +1.459440 +0.814691 +0.802176 +1.546180 +1.348544 +1.182058 +0.564324 +1.027335 +1.013711 +1.227150 +0.631926 +1.091639 +0.679027 +1.399852 +0.000000
 +0.526518 +1.328704 +0.556197 +1.042452 +0.580890 +0.338670 +0.563720 +0.542703 +0.836770 +0.974423 +1.010894 +0.963630 +0.727486 +0.355943 +0.851308 +0.853862 +1.343549 +0.000000
 +0.790407 +1.264244 +1.082966 +1.227377 +0.403783 +0.909536 +0.208819 +0.956791 +0.579766 +1.263391 +0.454781 +0.396939 +0.713488 +0.256770 +0.960941 +0.359531 +1.140308 +0.570952 +0.000000
 +0.275733 +0.990100 +0.620066 +0.767290 +0.298166 +0.571641 +0.634986 +0.441465 +0.529682 +0.759050 +0.863961 +0.897231 +0.385692 +0.274129 +0.537662 +0.876796 +1.004918 +0.341950 +0.521970 +0.000000
 +0.943902 +0.793192 +1.429584 +1.081433 +0.541862 +1.402780 +0.922785 +1.187473 +0.319199 +1.237540 +0.484553 +0.707296 +0.616845 +0.780246 +0.835408 +0.905178 +0.534286 +1.114838 +0.720541 +0.835008 +0.000000
 +0.608287 +0.334373 +1.015511 +0.224092 +0.797738 +1.201189 +1.378725 +0.746912 +0.718060 +0.448286 +1.298853 +1.453645 +0.487531 +1.028682 +0.272947 +1.543381 +0.599439 +1.123751 +1.200972 +0.809035 +0.928146 +0.000000
 +0.880876 +0.522372 +1.387178 +0.886874 +0.606725 +1.422384 +1.111575 +1.121151 +0.350180 +1.071949 +0.752836 +0.966497 +0.531702 +0.889260 +0.678874 +1.144005 +0.261048 +1.179295 +0.902812 +0.856136 +0.277315 +0.703701 +0.000000
 +1.042869 +1.707720 +1.108910 +1.549927 +0.835183 +0.827581 +0.301598 +1.108452 +1.058941 +1.519505 +0.885313 +0.715877 +1.111515 +0.558794 +1.315026 +0.494956 +1.623175 +0.569584 +0.500508 +0.783062 +1.220712 +1.581259 +1.396083 +0.000000
 +1.176812 +1.114480 +1.626155 +1.386963 +0.714006 +1.542080 +0.873963 +1.411876 +0.574169 +1.526547 +0.295368 +0.517690 +0.886266 +0.865415 +1.128803 +0.755100 +0.838849 +1.221187 +0.708561 +1.007298 +0.323549 +1.245996 +0.593441 +1.172003 +0.000000
 +0.452222 +1.120913 +0.290533 +0.593949 +0.928226 +0.591333 +1.269002 +0.235710 +1.071313 +0.393118 +1.529131 +1.573752 +0.773727 +0.936485 +0.633052 +1.537265 +1.312038 +0.749978 +1.192357 +0.676568 +1.386919 +0.796727 +1.289424 +1.319546 +1.628865 +0.000000
 +0.626249 +0.447043 +1.133119 +0.653082 +0.450115 +1.191299 +1.025101 +0.863281 +0.252550 +0.821988 +0.814628 +0.993102 +0.280449 +0.737949 +0.422652 +1.123846 +0.364248 +0.979328 +0.822093 +0.641423 +0.430168 +0.501354 +0.261856 +1.283598 +0.744856 +1.027608 +0.000000
 +0.772113 +1.546020 +0.751929 +1.288905 +0.732783 +0.466340 +0.473398 +0.784540 +0.988756 +1.222277 +1.024845 +0.922204 +0.937600 +0.452853 +1.088019 +0.757414 +1.528536 +0.248399 +0.571221 +0.558385 +1.229497 +1.360958 +1.338797 +0.361385 +1.275140 +0.979293 +1.166933 +0.000000
 +0.663176 +0.233755 +1.149812 +0.502686 +0.642010 +1.266083 +1.231433 +0.870858 +0.480873 +0.706893 +1.045205 +1.224121 +0.380282 +0.917260 +0.357019 +1.348721 +0.325148 +1.106071 +1.034126 +0.765071 +0.634685 +0.306595 +0.397529 +1.473965 +0.957111 +0.988757 +0.231434 +1.317620 +0.000000
 +0.367962 +1.223786 +0.321574 +0.853962 +0.635218 +0.248308 +0.796805 +0.301803 +0.864292 +0.752169 +1.167209 +1.158718 +0.666313 +0.512348 +0.711389 +1.079782 +1.297871 +0.252841 +0.762255 +0.337963 +1.172776 +0.972894 +1.177694 +0.822097 +1.336766 +0.497638 +0.943568 +0.485332 +1.019915 +0.000000
 +0.934992 +0.986967 +1.380271 +1.181953 +0.468235 +1.302009 +0.706367 +1.167796 +0.355595 +1.305000 +0.255739 +0.469594 +0.660934 +0.633677 +0.914791 +0.665906 +0.759698 +0.987127 +0.515233 +0.761639 +0.239989 +1.063671 +0.498651 +1.007688 +0.245892 +1.387197 +0.569186 +1.062249 +0.797233 +1.092462 +0.000000
 +0.753264 +1.584904 +0.597437 +1.255412 +0.843615 +0.286172 +0.685371 +0.698091 +1.100877 +1.153254 +1.215607 +1.128930 +0.989983 +0.594068 +1.091987 +0.971979 +1.609882 +0.266869 +0.761307 +0.606120 +1.370196 +1.361021 +1.445243 +0.561641 +1.450506 +0.857579 +1.245748 +0.215406 +1.366143 +0.403387 +1.225725 +0.000000
 +1.085309 +0.762095 +1.583460 +1.143732 +0.722216 +1.578634 +1.115879 +1.329482 +0.478599 +1.322664 +0.637548 +0.867888 +0.742037 +0.972574 +0.924150 +1.080673 +0.457748 +1.300958 +0.915270 +1.007444 +0.195870 +0.962953 +0.259260 +1.414899 +0.401319 +1.514636 +0.501509 +1.423348 +0.656668 +1.342871 +0.418313 +1.559357 +0.000000
 +0.799203 +1.481067 +0.906347 +1.305837 +0.619117 +0.655447 +0.249170 +0.876009 +0.859988 +1.277519 +0.811419 +0.698352 +0.878069 +0.331669 +1.073128 +0.536509 +1.419360 +0.351263 +0.365210 +0.539274 +1.063224 +1.341003 +1.206705 +0.244166 +1.073701 +1.094642 +1.068900 +0.224489 +1.247740 +0.601622 +0.874897 +0.436451 +1.259051 +0.000000
 +0.243775 +0.810370 +0.515164 +0.335472 +0.695800 +0.725737 +1.154313 +0.253836 +0.788168 +0.242924 +1.299455 +1.381573 +0.478126 +0.792771 +0.310910 +1.390490 +0.989928 +0.736304 +1.031682 +0.519475 +1.094402 +0.500422 +0.974673 +1.276778 +1.359483 +0.322152 +0.713188 +0.984674 +0.667078 +0.526470 +1.126050 +0.929844 +1.208117 +1.034623 +0.000000
 +0.795829 +1.087055 +1.183702 +1.149630 +0.323288 +1.066228 +0.448837 +1.005240 +0.387784 +1.228846 +0.294484 +0.376787 +0.610619 +0.383096 +0.874767 +0.484153 +0.924099 +0.738717 +0.247927 +0.569477 +0.474096 +1.080500 +0.675120 +0.746894 +0.485470 +1.236763 +0.640328 +0.794241 +0.867169 +0.877049 +0.270480 +0.965131 +0.668010 +0.604443 +1.018499 +0.000000


