2 1 0.002744 1
3 1 0.195112 1
4 1 0.195112 1
5 1 0.551368 1
6 1 0.830584 1
7 1 0.804357 1
8 1 0.884736 1
9 1 0.941192 1
10 1 0.804357 1
11 1 0.753571 1
12 1 0.681472 1
13 1 0.658503 1
14 1 0.592704 1
3 2 0.125 1
4 2 0.175616 1
5 2 0.474552 1
6 2 0.753571 1
7 2 0.804357 1
8 2 0.804357 1
9 2 0.941192 1
10 2 0.884736 1
11 2 0.804357 1
12 2 0.704969 1
13 2 0.658503 1
14 2 0.636056 1
4 3 0.006859 1
5 3 0.148877 1
6 3 0.571787 1
7 3 0.729 1
8 3 0.778688 1
9 3 0.941192 1
10 3 0.970299 1
11 3 0.941192 1
12 3 0.970299 1
13 3 0.857375 1
14 3 0.912673 1
5 4 0.097336 1
6 4 0.421875 1
7 4 0.729 1
8 4 0.753571 1
9 4 0.941192 1
10 4 0.970299 1
11 4 1 1
12 4 0.970299 1
13 4 0.941192 1
14 4 0.884736 1
6 5 0.059319 1
7 5 0.328509 1
8 5 0.405224 1
9 5 0.804357 1
10 5 0.941192 1
11 5 0.941192 1
12 5 0.970299 1
13 5 0.941192 1
14 5 1 1
7 6 0.054872 1
8 6 0.166375 1
9 6 0.636056 1
10 6 0.778688 1
11 6 0.941192 1
12 6 0.941192 1
13 6 0.941192 1
14 6 0.970299 1
8 7 0.019683 1
9 7 0.474552 1
10 7 0.636056 1
11 7 0.857375 1
12 7 0.941192 1
13 7 0.941192 1
14 7 1 1
9 8 0.300763 1
10 8 0.531441 1
11 8 0.884736 1
12 8 0.912673 1
13 8 0.941192 1
14 8 0.941192 1
10 9 0.074088 1
11 9 0.250047 1
12 9 0.389017 1
13 9 0.512 1
14 9 0.456533 1
11 10 0.017576 1
12 10 0.125 1
13 10 0.205379 1
14 10 0.373248 1
12 11 0.013824 1
13 11 0.054872 1
14 11 0.091125 1
13 12 0.003375 1
14 12 0.032768 1
14 13 0.013824 1
