Tue Dec 12 09:39:14 2023


Final Iteration

itel  20 sold 0.0110248119 snew 0.0110248119 sdif +0.0000000000 rmsd +0.0000000000 rate 0.4153500919


Data Delta

 +0.000000
 +0.002744 +0.000000
 +0.195112 +0.125000 +0.000000
 +0.195112 +0.175616 +0.006859 +0.000000
 +0.551368 +0.474552 +0.148877 +0.097336 +0.000000
 +0.830584 +0.753571 +0.571787 +0.421875 +0.059319 +0.000000
 +0.804357 +0.804357 +0.729000 +0.729000 +0.328509 +0.054872 +0.000000
 +0.884736 +0.804357 +0.778688 +0.753571 +0.405224 +0.166375 +0.019683 +0.000000
 +0.941192 +0.941192 +0.941192 +0.941192 +0.804357 +0.636056 +0.474552 +0.300763 +0.000000
 +0.804357 +0.884736 +0.970299 +0.970299 +0.941192 +0.778688 +0.636056 +0.531441 +0.074088 +0.000000
 +0.753571 +0.804357 +0.941192 +1.000000 +0.941192 +0.941192 +0.857375 +0.884736 +0.250047 +0.017576 +0.000000
 +0.681472 +0.704969 +0.970299 +0.970299 +0.970299 +0.941192 +0.941192 +0.912673 +0.389017 +0.125000 +0.013824 +0.000000
 +0.658503 +0.658503 +0.857375 +0.941192 +0.941192 +0.941192 +0.941192 +0.941192 +0.512000 +0.205379 +0.054872 +0.003375 +0.000000
 +0.592704 +0.636056 +0.912673 +0.884736 +1.000000 +0.970299 +1.000000 +0.941192 +0.456533 +0.373248 +0.091125 +0.032768 +0.013824 +0.000000


Transformed Data Dhat

 +0.000000
 +0.003945 +0.000000
 +0.280506 +0.179708 +0.000000
 +0.280506 +0.252477 +0.009861 +0.000000
 +0.792684 +0.682248 +0.214036 +0.139937 +0.000000
 +1.194104 +1.083385 +0.822040 +0.606516 +0.085281 +0.000000
 +1.156398 +1.156398 +1.048060 +1.048060 +0.472287 +0.078888 +0.000000
 +1.271957 +1.156398 +1.119495 +1.083385 +0.582578 +0.239192 +0.028298 +0.000000
 +1.353122 +1.353122 +1.353122 +1.353122 +1.156398 +0.914437 +0.682248 +0.432397 +0.000000
 +1.156398 +1.271957 +1.394968 +1.394968 +1.353122 +1.119495 +0.914437 +0.764036 +0.106514 +0.000000
 +1.083385 +1.156398 +1.353122 +1.437668 +1.353122 +1.353122 +1.232621 +1.271957 +0.359485 +0.025268 +0.000000
 +0.979730 +1.013511 +1.394968 +1.394968 +1.394968 +1.353122 +1.353122 +1.312121 +0.559277 +0.179708 +0.019874 +0.000000
 +0.946709 +0.946709 +1.232621 +1.353122 +1.353122 +1.353122 +1.353122 +1.353122 +0.736086 +0.295267 +0.078888 +0.004852 +0.000000
 +0.852112 +0.914437 +1.312121 +1.271957 +1.437668 +1.394968 +1.437668 +1.353122 +0.656343 +0.536607 +0.131007 +0.047110 +0.019874 +0.000000


Configuration X

 -0.222069 +0.598713
 -0.283634 +0.568497
 -0.574905 +0.430656
 -0.608938 +0.380440
 -0.663131 -0.015676
 -0.572448 -0.383892
 -0.426081 -0.562796
 -0.329533 -0.613986
 +0.378638 -0.474995
 +0.565071 -0.259771
 +0.686356 -0.043791
 +0.696694 +0.058715
 +0.675193 +0.129549
 +0.678785 +0.188337


Distance Matrix D(X)

 +0.000000
 +0.068581 +0.000000
 +0.390816 +0.322241 +0.000000
 +0.444197 +0.375750 +0.060661 +0.000000
 +0.756314 +0.696618 +0.454968 +0.399806 +0.000000
 +1.043206 +0.995217 +0.814551 +0.765202 +0.379217 +0.000000
 +1.179290 +1.140226 +1.004537 +0.960797 +0.596265 +0.231150 +0.000000
 +1.217451 +1.183373 +1.073072 +1.032932 +0.685026 +0.334591 +0.109279 +0.000000
 +1.230325 +1.235913 +1.315085 +1.306551 +1.138533 +0.955440 +0.809495 +0.721682 +0.000000
 +1.164725 +1.185887 +1.332755 +1.337224 +1.252223 +1.144271 +1.036440 +0.962177 +0.284744 +0.000000
 +1.112676 +1.147074 +1.347546 +1.362996 +1.349780 +1.303939 +1.227552 +1.164969 +0.529743 +0.247704 +0.000000
 +1.065703 +1.104953 +1.324879 +1.344686 +1.361858 +1.344107 +1.283316 +1.227057 +0.621294 +0.344613 +0.103026 +0.000000
 +1.012519 +1.054526 +1.285851 +1.308411 +1.346180 +1.349159 +1.300825 +1.249927 +0.673364 +0.404594 +0.173699 +0.074025 +0.000000
 +0.989922 +1.034781 +1.276894 +1.301973 +1.357336 +1.375875 +1.336013 +1.288576 +0.728079 +0.462311 +0.232252 +0.130854 +0.058898 +0.000000


