   2    1 0.002744 
   3    1 0.195112 
   4    1 0.195112 
   5    1 0.551368 
   6    1 0.830584 
   7    1 0.804357 
   8    1 0.884736 
   9    1 0.941192 
  10    1 0.804357 
  11    1 0.753571 
  12    1 0.681472 
  13    1 0.658503 
  14    1 0.592704 
   3    2 0.125000 
   4    2 0.175616 
   5    2 0.474552 
   6    2 0.753571 
   7    2 0.804357 
   8    2 0.804357 
   9    2 0.941192 
  10    2 0.884736 
  11    2 0.804357 
  12    2 0.704969 
  13    2 0.658503 
  14    2 0.636056 
   4    3 0.006859 
   5    3 0.148877 
   6    3 0.571787 
   7    3 0.729000 
   8    3 0.778688 
   9    3 0.941192 
  10    3 0.970299 
  11    3 0.941192 
  12    3 0.970299 
  13    3 0.857375 
  14    3 0.912673 
   5    4 0.097336 
   6    4 0.421875 
   7    4 0.729000 
   8    4 0.753571 
   9    4 0.941192 
  10    4 0.970299 
  11    4 1.000000 
  12    4 0.970299 
  13    4 0.941192 
  14    4 0.884736 
   6    5 0.059319 
   7    5 0.328509 
   8    5 0.405224 
   9    5 0.804357 
  10    5 0.941192 
  11    5 0.941192 
  12    5 0.970299 
  13    5 0.941192 
  14    5 1.000000 
   7    6 0.054872 
   8    6 0.166375 
   9    6 0.636056 
  10    6 0.778688 
  11    6 0.941192 
  12    6 0.941192 
  13    6 0.941192 
  14    6 0.970299 
   8    7 0.019683 
   9    7 0.474552 
  10    7 0.636056 
  11    7 0.857375 
  12    7 0.941192 
  13    7 0.941192 
  14    7 1.000000 
   9    8 0.300763 
  10    8 0.531441 
  11    8 0.884736 
  12    8 0.912673 
  13    8 0.941192 
  14    8 0.941192 
  10    9 0.074088 
  11    9 0.250047 
  12    9 0.389017 
  13    9 0.512000 
  14    9 0.456533 
  11   10 0.017576 
  12   10 0.125000 
  13   10 0.205379 
  14   10 0.373248 
  12   11 0.013824 
  13   11 0.054872 
  14   11 0.091125 
  13   12 0.003375 
  14   12 0.032768 
  14   13 0.013824 
