delta

 +0.0000 +0.0000 +0.3651 +0.7303
 +0.0000 +0.0000 +1.0954 +1.4606
 +0.3651 +1.0954 +0.0000 +0.0000
 +0.7303 +1.4606 +0.0000 +0.0000


weights

 +0.0000 +0.0000 +0.2500 +0.2500
 +0.0000 +0.0000 +0.2500 +0.2500
 +0.2500 +0.2500 +0.0000 +0.0000
 +0.2500 +0.2500 +0.0000 +0.0000


itel    2 snew    0.0000000000

configuration

   +0.0912870929   +0.0000009839
   +0.8215838363   -0.0000003866
   -0.2738612788   -0.0000011100
   -0.6390096504   +0.0000005127


distances

 +0.0000 +0.7303 +0.3651 +0.7303
 +0.7303 +0.0000 +1.0954 +1.4606
 +0.3651 +1.0954 +0.0000 +0.3651
 +0.7303 +1.4606 +0.3651 +0.0000


