delta

 +0.0000 +0.0826 +0.1652 +0.2478 +0.3304 +0.4130
 +0.0826 +0.0000 +0.4956 +0.5782 +0.6609 +0.7435
 +0.1652 +0.4956 +0.0000 +0.8261 +0.9087 +0.9913
 +0.2478 +0.5782 +0.8261 +0.0000 +1.0739 +1.1565
 +0.3304 +0.6609 +0.9087 +1.0739 +0.0000 +1.2391
 +0.4130 +0.7435 +0.9913 +1.1565 +1.2391 +0.0000


weights

 +0.0000 +0.0455 +0.0455 +0.0455 +0.0000 +0.0000
 +0.0455 +0.0000 +0.0455 +0.0455 +0.0455 +0.0455
 +0.0455 +0.0455 +0.0000 +0.0455 +0.0455 +0.0455
 +0.0455 +0.0455 +0.0455 +0.0000 +0.0455 +0.0455
 +0.0000 +0.0455 +0.0455 +0.0455 +0.0000 +0.4545
 +0.0000 +0.0455 +0.0455 +0.0455 +0.4545 +0.0000


itel   88 snew    0.0051470472

configuration

   +0.0645234272   -0.1758669362
   -0.0298246816   +0.0161986307
   +0.3310563811   -0.1329749113
   -0.0603359283   -0.5451978402
   +0.4398802674   +0.5837495407
   -0.7452994657   +0.2540915164


distances

 +0.0000 +0.2140 +0.2700 +0.3899 +0.8473 +0.9169
 +0.2140 +0.0000 +0.3905 +0.5622 +0.7367 +0.7540
 +0.2700 +0.3905 +0.0000 +0.5684 +0.7249 +1.1438
 +0.3899 +0.5622 +0.5684 +0.0000 +1.2348 +1.0526
 +0.8473 +0.7367 +0.7249 +1.2348 +0.0000 +1.2302
 +0.9169 +0.7540 +1.1438 +1.0526 +1.2302 +0.0000


