delta

 +0.0000    nan +0.3651 +0.7303
    nan +0.0000 +1.0954    nan
 +0.3651 +1.0954 +0.0000 +1.4606
 +0.7303    nan +1.4606 +0.0000


weights

 +0.0000    nan +0.2500 +0.2500
    nan +0.0000 +0.2500    nan
 +0.2500 +0.2500 +0.0000 +0.2500
 +0.2500    nan +0.2500 +0.0000


itel   46 snew    0.0055555556

configuration

   -0.1286527521   -0.2089994071
   +0.3253913264   +0.2669079820
   -0.2094086554   -0.6891197265
   +0.0126700812   +0.6312111515


distances

 +0.0000    nan +0.4869 +0.8520
    nan +0.0000 +1.0954    nan
 +0.4869 +1.0954 +0.0000 +1.3389
 +0.8520    nan +1.3389 +0.0000


