Wed Dec 13 22:33:06 2023


Final Iteration

itel 364 sold 0.0730121893 snew 0.0730121893 sdif +0.0000000000 rmsd +0.0000000000 rate 0.9383328892


Data Delta

 +0.000000
 +4.170000 +0.000000
 +3.720000 +4.440000 +0.000000
 +5.560000 +4.000000 +3.830000 +0.000000
 +4.280000 +5.000000 +4.890000 +4.220000 +0.000000
 +4.500000 +4.170000 +5.000000 +3.170000 +5.560000 +0.000000
 +5.170000 +5.670000 +5.390000 +4.330000 +5.000000 +4.890000 +0.000000
 +5.500000 +5.610000 +6.060000 +5.170000 +4.780000 +4.500000 +4.170000 +0.000000
 +6.610000 +5.000000 +3.500000 +4.610000 +5.330000 +4.890000 +6.000000 +4.830000 +0.000000
 +5.940000 +5.610000 +3.560000 +4.610000 +3.940000 +4.500000 +4.830000 +4.390000 +3.280000 +0.000000
 +3.610000 +6.610000 +5.830000 +5.670000 +3.060000 +4.720000 +3.060000 +2.940000 +6.440000 +4.000000 +0.000000
 +5.830000 +5.500000 +3.890000 +4.720000 +4.280000 +5.000000 +4.560000 +4.720000 +3.940000 +2.330000 +5.440000 +0.000000


Transformed Data Dhat

 +0.000000
 +0.870467 +0.000000
 +0.776532 +0.926829 +0.000000
 +1.160623 +0.834981 +0.799494 +0.000000
 +0.893429 +1.043726 +1.020764 +0.880905 +0.000000
 +0.939353 +0.870467 +1.043726 +0.661722 +1.160623 +0.000000
 +1.079213 +1.183585 +1.125136 +0.903867 +1.043726 +1.020764 +0.000000
 +1.148098 +1.171060 +1.264996 +1.079213 +0.997802 +0.939353 +0.870467 +0.000000
 +1.379806 +1.043726 +0.730608 +0.962315 +1.112612 +1.020764 +1.252471 +1.008239 +0.000000
 +1.239946 +1.171060 +0.743133 +0.962315 +0.822456 +0.939353 +1.008239 +0.916391 +0.684684 +0.000000
 +0.753570 +1.379806 +1.216984 +1.183585 +0.638760 +0.985277 +0.638760 +0.613711 +1.344319 +0.834981 +0.000000
 +1.216984 +1.148098 +0.812019 +0.985277 +0.893429 +1.043726 +0.951878 +0.985277 +0.822456 +0.486376 +1.135574 +0.000000


Configuration X

 +0.126117 +0.754228
 -0.160950 +0.787317
 +0.623062 +0.261198
 +0.181484 +0.257520
 -0.193249 -0.089763
 -0.448512 +0.411046
 -0.302237 -0.664655
 -0.608027 -0.422005
 +0.767551 -0.183677
 +0.303916 -0.377906
 -0.677843 -0.168759
 +0.388688 -0.564543


Distance Matrix D(X)

 +0.000000
 +0.288968 +0.000000
 +0.700024 +0.944181 +0.000000
 +0.499785 +0.630830 +0.441594 +0.000000
 +0.902395 +0.877675 +0.888560 +0.510911 +0.000000
 +0.669307 +0.473573 +1.082001 +0.648433 +0.562111 +0.000000
 +1.482132 +1.458830 +1.308962 +1.041341 +0.585131 +1.085601 +0.000000
 +1.386539 +1.289317 +1.407959 +1.041672 +0.531437 +0.848186 +0.390367 +0.000000
 +1.136267 +1.343482 +0.467751 +0.733573 +0.965378 +1.353700 +1.172939 +1.396071 +0.000000
 +1.146011 +1.254530 +0.714359 +0.647113 +0.574629 +1.090226 +0.670556 +0.913008 +0.502675 +0.000000
 +1.224033 +1.086858 +1.370116 +0.959248 +0.490990 +0.623512 +0.622087 +0.262693 +1.445471 +1.003789 +0.000000
 +1.344656 +1.459325 +0.858359 +0.847774 +0.751044 +1.285565 +0.698140 +1.006856 +0.537211 +0.204987 +1.137600 +0.000000


