Sat Dec 16 13:32:35 2023


Final Iteration

itel 831 sold 0.0488324102 snew 0.0488324102 sdif +0.0000000000 rmsd +0.0000000000 rate 0.9878205349


Data Delta

 +0.000000
 +4.170000 +0.000000
 +3.720000 +4.440000 +0.000000
 +5.560000 +4.000000 +3.830000 +0.000000
 +4.280000 +5.000000 +4.890000 +4.220000 +0.000000
 +4.500000 +4.170000 +5.000000 +3.170000 +5.560000 +0.000000
 +5.170000 +5.670000 +5.390000 +4.330000 +5.000000 +4.890000 +0.000000
 +5.500000 +5.610000 +6.060000 +5.170000 +4.780000 +4.500000 +4.170000 +0.000000
 +6.610000 +5.000000 +3.500000 +4.610000 +5.330000 +4.890000 +6.000000 +4.830000 +0.000000
 +5.940000 +5.610000 +3.560000 +4.610000 +3.940000 +4.500000 +4.830000 +4.390000 +3.280000 +0.000000
 +3.610000 +6.610000 +5.830000 +5.670000 +3.060000 +4.720000 +3.060000 +2.940000 +6.440000 +4.000000 +0.000000
 +5.830000 +5.500000 +3.890000 +4.720000 +4.280000 +5.000000 +4.560000 +4.720000 +3.940000 +2.330000 +5.440000 +0.000000


Transformed Data Dhat

 +0.000000
 +0.780972 +0.000000
 +0.646563 +0.861840 +0.000000
 +1.223379 +0.730318 +0.679569 +0.000000
 +0.813814 +1.035147 +1.000208 +0.795888 +0.000000
 +0.879964 +0.780972 +1.035147 +0.476992 +1.223379 +0.000000
 +1.090300 +1.262876 +1.164125 +0.828782 +1.035147 +1.000208 +0.000000
 +1.202227 +1.241214 +1.411339 +1.090300 +0.965777 +0.879964 +0.780972 +0.000000
 +1.647660 +1.035147 +0.579846 +0.913407 +1.143690 +1.000208 +1.387568 +0.981369 +0.000000
 +1.364153 +1.241214 +0.598157 +0.913407 +0.712430 +0.879964 +0.981369 +0.846789 +0.511737 +0.000000
 +0.613345 +1.647660 +1.322109 +1.262876 +0.441695 +0.947186 +0.441695 +0.402481 +1.570826 +0.730318 +0.000000
 +1.322109 +1.202227 +0.697507 +0.947186 +0.813814 +1.035147 +0.898168 +0.947186 +0.712430 +0.188547 +1.181339 +0.000000


Configuration X

 -0.596968 +0.573971
 +0.261290 +0.826703
 +0.592692 +0.141760
 +0.281478 +0.337207
 -0.408007 +0.030315
 -0.024398 +0.474134
 -0.323650 -0.629611
 -0.527561 -0.446576
 +0.806373 -0.208938
 +0.288796 -0.375157
 -0.715724 -0.235579
 +0.365678 -0.488228


Distance Matrix D(X)

 +0.000000
 +0.894696 +0.000000
 +1.265740 +0.760904 +0.000000
 +0.909794 +0.489911 +0.367497 +0.000000
 +0.575559 +1.040285 +1.006886 +0.754700 +0.000000
 +0.581210 +0.453787 +0.700908 +0.335125 +0.586627 +0.000000
 +1.234226 +1.569396 +1.197788 +1.140578 +0.665296 +1.143593 +0.000000
 +1.022904 +1.497840 +1.265348 +1.126436 +0.491648 +1.049228 +0.274010 +0.000000
 +1.606958 +1.170328 +0.410668 +0.757489 +1.237724 +1.075531 +1.205785 +1.354936 +0.000000
 +1.298238 +1.202174 +0.599629 +0.712402 +0.806190 +0.905198 +0.663202 +0.819475 +0.543613 +0.000000
 +0.818214 +1.443260 +1.361741 +1.149998 +0.406681 +0.990770 +0.555863 +0.282710 +1.522330 +1.014171 +0.000000
 +1.433511 +1.319067 +0.669641 +0.829718 +0.931383 +1.038411 +0.703677 +0.894209 +0.521742 +0.136733 +1.110523 +0.000000


