x[i][j] (dynamic allocation on heap)
105553119498720 105553119498728 105553119498736 105553119498744 
105553119498752 105553119498760 105553119498768 105553119498776 
105553119498784 105553119498792 105553119498800 105553119498808 
105553119498816 105553119498824 105553119498832 105553119498840 
105553119498848 105553119498856 105553119498864 105553119498872 
105553119498880 105553119498888 105553119498896 105553119498904 
105553119498912 105553119498920 105553119498928 105553119498936 
105553119498944 105553119498952 105553119498960 105553119498968 
105553119498976 105553119498984 105553119498992 105553119499000 
105553119499008 105553119499016 105553119499024 105553119499032 


x[i] and &x[i] and sizeof x[i]
105553119498720 105553149886544 8
105553119498752 105553149886552 8
105553119498784 105553149886560 8
105553119498816 105553149886568 8
105553119498848 105553149886576 8
105553119498880 105553149886584 8
105553119498912 105553149886592 8
105553119498944 105553149886600 8
105553119498976 105553149886608 8
105553119499008 105553149886616 8


x
105553149886544


*******************************************


y[i][j] (static allocation on stack)
6162755616 6162755624 6162755632 6162755640 
6162755648 6162755656 6162755664 6162755672 
6162755680 6162755688 6162755696 6162755704 
6162755712 6162755720 6162755728 6162755736 
6162755744 6162755752 6162755760 6162755768 
6162755776 6162755784 6162755792 6162755800 
6162755808 6162755816 6162755824 6162755832 
6162755840 6162755848 6162755856 6162755864 
6162755872 6162755880 6162755888 6162755896 
6162755904 6162755912 6162755920 6162755928 


y[i] and &y[i] and sizeof y[i]
6162755616 6162755616 32
6162755648 6162755648 32
6162755680 6162755680 32
6162755712 6162755712 32
6162755744 6162755744 32
6162755776 6162755776 32
6162755808 6162755808 32
6162755840 6162755840 32
6162755872 6162755872 32
6162755904 6162755904 32


y
6162755616


